0, 5.361427048836905
17, 1.9945662977962804
33, 2.1770210708674695
49, 2.171374092411679
66, 2.1642417048173037
83, 2.1565367710675383
99, 2.149413961012008
115, 2.1420965711919924
132, 2.1336925495646386
148, 2.1262388515909056
165, 2.11773713823012
182, 2.1092586001709797
199, 2.10079043002211
216, 2.0923422221183596
233, 2.0839196399428888
250, 2.075526000178871
267, 2.0671632201978474
283, 2.0598127023016386
299, 2.052458446599377
315, 2.0451299266554575
331, 2.0378272386886587
347, 2.0305504140553907
364, 2.0223362042988464
380, 2.015143011330936
397, 2.0069909566144606
414, 1.9989001754443338
430, 1.99179022844874
446, 1.9846774444454665
463, 1.976648555493813
479, 1.9696177392941472
495, 1.96258411935618
512, 1.9546445967204908
529, 1.9467647832305777
546, 1.9389167284646682
562, 1.9320201088114513
578, 1.9251207479086547
594, 1.9182460310054055
610, 1.9113958640172983
627, 1.90366341730301
643, 1.8968921975970576
659, 1.8901182802344085
675, 1.8833685589286666
691, 1.8766429412563792
708, 1.8690510854729887
725, 1.861516325564245
742, 1.8540119344658035
758, 1.8474173158737999
774, 1.8408200762863915
791, 1.8333731399237068
807, 1.8268519385753803
823, 1.8203281391986246
839, 1.8138276424848245
855, 1.8073503594181304
871, 1.800896207102595
887, 1.7944651029369867
904, 1.7872056930670117
921, 1.780000878858696
937, 1.7736695135219311
954, 1.7664942254370466
970, 1.7602109084884785
987, 1.7530900664913347
1003, 1.7472457891211048
1020, 1.7397859473958364
1037, 1.732772391013018
1055, 1.7249166509257798
1071, 1.718805601068751
1088, 1.7118522566350813
1104, 1.7057632979844446
1120, 1.6996719135072198
1137, 1.692795984272192
1154, 1.6859717666644363
1171, 1.6791750540324237
1188, 1.672405741209706
1204, 1.6664570858678571
1220, 1.660506066265868
1236, 1.65457630338691
1252, 1.6486677160318206
1268, 1.6427802285827708
1284, 1.6369137656907777
1301, 1.6302917210895376
1318, 1.6237194787329854
1335, 1.6171737257671543
1352, 1.6106543609087343
1368, 1.604925351834084
1385, 1.5984327095090225
1402, 1.5919889013122108
1419, 1.5855710648516488
1436, 1.5791791008245175
1452, 1.57356204752078
1469, 1.567196283817711
1486, 1.560878399930824
1502, 1.5553264412134897
1519, 1.549034448710557
1536, 1.5427897811569165
1552, 1.5373021626628125
1568, 1.53181236314636
1584, 1.5263421728995168
1601, 1.520167439594964
1618, 1.5140391444522507
1635, 1.5079355493731825
1652, 1.501856559916015
1669, 1.4958020768860862
1686, 1.4897720014898403
1703, 1.4837662353319936
1719, 1.4784885603489621
1735, 1.47320878778322
1751, 1.4679478742820755
1767, 1.4627057478052503
1783, 1.45748234126425
1800, 1.4515861766209672
1816, 1.4464229692373884
1832, 1.4412577048465283
1849, 1.4354271760784694
1866, 1.4296404968208072
1882, 1.4245553441149155
1898, 1.4194681703443808
1915, 1.4137257899396123
1932, 1.40802659611007
1948, 1.4030183228615851
1966, 1.3966377593900052
1983, 1.3910271965809002
1999, 1.3860793845606327
2016, 1.3808008415184039
2032, 1.37556056588207
2049, 1.3699958805835493
2066, 1.3644729763909398
2082, 1.3596196209750602
2098, 1.354764336621032
2114, 1.3499263950824656
2131, 1.3444653421033839
2147, 1.3396831572816261
2163, 1.3348990672509005
2180, 1.3294988065009425
2196, 1.3247698567735733
2212, 1.3200390230459513
2230, 1.3140358320995018
2246, 1.3093804591152167
2263, 1.3040834241724095
2280, 1.2988262347978192
2296, 1.2942063812352937
2313, 1.2889707364007428
2330, 1.2837744712422154
2347, 1.2785991496040527
2363, 1.2740512426733632
2379, 1.2695015282022353
2396, 1.2643658295992806
2413, 1.2592687549150532
2429, 1.254789605135271
2446, 1.2497134188254009
2463, 1.2446754128311626
2481, 1.2390325213820284
2498, 1.2340550847290033
2514, 1.229665614418548
2531, 1.2246910659118402
2548, 1.2197539332554945
2564, 1.2154153355254993
2580, 1.2110750134448336
2597, 1.2061756760935594
2613, 1.201885379549681
2629, 1.1975933737637432
2646, 1.1927485756442346
2662, 1.188506038513678
2679, 1.1836979989360923
2696, 1.1789261228209964
2713, 1.1741734797283785
2730, 1.1694399961208597
2746, 1.165280362302059
2762, 1.1611190752598168
2779, 1.1564218319086252
2796, 1.1517599149968265
2812, 1.1476631682543355
2828, 1.1435647932834563
2844, 1.1394810574882928
2860, 1.1354119049482407
2876, 1.1313572835864683
2893, 1.126780439925627
2909, 1.1227725476070085
2926, 1.1182304294598646
2943, 1.1137224746586307
2960, 1.1092326891463586
2977, 1.1047610034528474
2993, 1.1008314292575927
3010, 1.0966391830215831
3027, 1.0919570972005723
3043, 1.0880731279947429
3059, 1.084187552667764
3075, 1.0803158564215198
3092, 1.0759454980467575
3108, 1.0721184226520495
3124, 1.0682898225612851
3140, 1.0644748980256353
3156, 1.060673596804647
3172, 1.0568858702494395
3188, 1.0531116698840994
3205, 1.0488513645496196
3222, 1.04462309958658
3239, 1.040411876624824
3255, 1.0367111887384448
3271, 1.0330090300341461
3288, 1.0288300488241782
3304, 1.0251705603349048
3321, 1.0210232859684816
3338, 1.0169072051474857
3355, 1.0128077141693637
3371, 1.0092052127723043
3388, 1.0051225253927156
3405, 1.0010705457695517
3422, 0.9970348976297086
3439, 0.993015518529827
3456, 0.9890123428831928
3473, 0.9850253053682962
3489, 0.9815216244730144
3505, 0.9780165510591526
3521, 0.9745239975796475
3537, 0.9710439162092411
3554, 0.9671156114581427
3570, 0.9636756376238108
3586, 0.9602342933135907
3602, 0.9568052413015142
3618, 0.9533884346311533
3634, 0.94998382957437
3650, 0.9465913825584966
3666, 0.9432110501664687
3683, 0.9393953417440107
3699, 0.9360539672925942
3716, 0.9322672094843405
3734, 0.928040662793649
3750, 0.9247527921837773
3766, 0.92145044078335
3782, 0.9181598881449324
3799, 0.9144455228205026
3816, 0.9107590920301774
3833, 0.9070875193811471
3849, 0.9038610589088276
3865, 0.900633316097652
3881, 0.8974171026107849
3898, 0.8937866510842821
3915, 0.8901835030034908
3932, 0.886594877393439
3948, 0.8834413081228335
3965, 0.8798673921009657
3982, 0.8763203571337755
3999, 0.8727876184730295
4015, 0.8698780029377322
4032, 0.8661640708380749
4049, 0.8626723248812315
4065, 0.8596038468038897
4082, 0.8561263639962569
4099, 0.85267503692505
4115, 0.8496421186627942
4131, 0.8466079949846507
4149, 0.8427578440709627
4165, 0.8397721171952228
4182, 0.8363748599520655
4199, 0.8330031576932907
4215, 0.8300402112247317
4232, 0.8266823265725034
4248, 0.8237418657440184
4265, 0.8204094607213519
4281, 0.8174913121109074
4297, 0.8145720009176474
4314, 0.8112766946937624
4331, 0.8080061713961357
4348, 0.8047488299266893
4365, 0.8015046198841395
4382, 0.7982734883306912
4399, 0.7950553825426068
4416, 0.7918502500086939
4432, 0.7890336821725596
4449, 0.7858416873081778
4466, 0.7826737008950203
4482, 0.779889773539304
4498, 0.7771047397277016
4515, 0.7739610052480602
4531, 0.7712080710845494
4548, 0.7680881888053094
4565, 0.7649917725861878
4582, 0.7619078364569294
4598, 0.759197772140804
4614, 0.7564866307246148
4630, 0.7537851733602418
4646, 0.7510933630553006
4662, 0.7484111653601218
4678, 0.7457385459475246
4695, 0.7427217016789792
4711, 0.7400798838965997
4727, 0.7374370136214554
4744, 0.7344537527458396
4761, 0.7314929280049164
4778, 0.7285440368536518
4795, 0.7256070336634577
4812, 0.7226818705094206
4829, 0.7197684996604209
4846, 0.716866873577756
4863, 0.7139769449143701
4879, 0.7114373681462052
4896, 0.7085592851482779
4913, 0.7057028495270578
4929, 0.7031927032610497
4946, 0.7003479736275822
4963, 0.6975246405049315
4980, 0.6947126868121127
4997, 0.6919120690399223
5014, 0.6892868586559807
5031, 0.6863439579485369
5047, 0.6839027092913209
5063, 0.6814604511150034
5079, 0.6790269165627435
5096, 0.6762799505214256
5112, 0.6738744621734833
5128, 0.6714680154857556
5145, 0.6687516285634473
5162, 0.6660556707036367
5179, 0.663370578888814
5195, 0.6610110061843611
5211, 0.6586504956807944
5227, 0.6562984167942205
5243, 0.6539547373164611
5260, 0.6513091993971964
5276, 0.648992530554876
5292, 0.6466749387582129
5309, 0.6440588508640555
5326, 0.6414624377160273
5343, 0.6388764893985103
5359, 0.6366040408247038
5376, 0.6340286921737289
5393, 0.6314727138961697
5410, 0.6289270374760964
5427, 0.6263916235243974
5444, 0.6238664306691428
5460, 0.6216473720496033
5476, 0.6194274314774941
5492, 0.6172154204141188
5509, 0.6147185093805478
5526, 0.6122403768031425
5543, 0.6097722323269866
5560, 0.6073140377621523
5577, 0.6048657529967455
5594, 0.6024273380810716
5610, 0.6002845371360341
5626, 0.5981408845466195
5642, 0.5960048889693509
5658, 0.5938765211549873
5674, 0.591755753864778
5691, 0.5893618385118321
5708, 0.5869859270180208
5724, 0.5848980503233329
5740, 0.5828093438140828
5756, 0.5807280980525243
5773, 0.5783787944745966
5790, 0.5760471592451452
5807, 0.573724921660098
5824, 0.5714120457871604
5840, 0.5693795645328767
5857, 0.5670761690163928
5873, 0.5650591121516692
5889, 0.5630412516967405
5906, 0.56076349928329
5923, 0.5585028771048671
5940, 0.5562513663530906
5956, 0.5542728108026453
5972, 0.5522934688862482
5988, 0.5503211970730812
6005, 0.5482254356482001
6022, 0.5458847947348473
6038, 0.5439431436039396
6054, 0.542000689550358
6071, 0.5398080555737249
6088, 0.5376319116840415
6105, 0.5354645387316781
6122, 0.5333059031805834
6138, 0.531408963382052
6154, 0.5295112696552944
6170, 0.5276203543888102
6187, 0.5254858952667028
6204, 0.5233674887177598
6221, 0.521257620396067
6238, 0.5191562576553467
6254, 0.5173096473685876
6270, 0.5154623031567899
6287, 0.5133770287625572
6304, 0.5113074370387753
6320, 0.5094887445753312
6336, 0.507669329283048
6352, 0.5058564128446662
6369, 0.5038099985509562
6387, 0.5015259146951626
6404, 0.499511186729838
6420, 0.4977344511926463
6436, 0.49595701119726676
6453, 0.49395064438876435
6470, 0.49195936681242614
6487, 0.48997611507063354
6503, 0.4882332969479319
6520, 0.486258174451024
6536, 0.484528582480151
6552, 0.48279830144433494
6568, 0.48107420088000286
6585, 0.47912804166165845
6601, 0.4774238111569693
6618, 0.47549241787419383
6635, 0.47357555148276265
6651, 0.4718910692633356
6668, 0.4699820584014824
6685, 0.46808740608220367
6702, 0.46620039014948855
6718, 0.4645421409741263
6735, 0.4626628598207599
6752, 0.4607977135992527
6768, 0.45915868144719213
6785, 0.45730117880030985
6801, 0.45567458517436976
6818, 0.45383117725802624
6834, 0.4522169262252192
6852, 0.450160360922991
6868, 0.44856553045401065
6885, 0.4467508804243655
6901, 0.4451618135948556
6918, 0.4433609345510502
6934, 0.4417839255609921
6951, 0.43999671158815
6968, 0.4382229400681884
6984, 0.43666420514536985
7001, 0.4350012767243882
7018, 0.43314404479121793
7035, 0.43139792183593567
7051, 0.4298634631224874
7068, 0.42812447276292104
7085, 0.4263985621440802
7101, 0.4248818858839315
7118, 0.4231630482368769
7134, 0.42165788195061965
7151, 0.4199520868440561
7168, 0.41825912180187613
7184, 0.41677139708386135
7200, 0.41528308107822903
7217, 0.41360307621652476
7234, 0.41193570612493374
7252, 0.41006814414875614
7269, 0.4084208199859912
7285, 0.4069680881868324
7302, 0.4053217198801712
7319, 0.4036877346611686
7335, 0.4022518395666939
7352, 0.40062455059906865
7369, 0.3990095012149823
7385, 0.3975902463398626
7401, 0.39617042739007285
7417, 0.3947556799574664
7433, 0.3933459846692096
7450, 0.39175472512408815
7466, 0.39036127641129975
7482, 0.3889672725524698
7499, 0.3873937268466432
7516, 0.3858320152662502
7533, 0.38427659815675336
7549, 0.382909747408729
7565, 0.3815423534134371
7581, 0.3801798436762032
7598, 0.3786418470302701
7614, 0.37729504006020936
7631, 0.37576871253114985
7647, 0.3744321251332471
7664, 0.37291737937813546
7681, 0.3714140267179478
7698, 0.3699167333130311
7715, 0.36842547599585035
7732, 0.3669402304326294
7748, 0.3656350441921658
7764, 0.3643293392126534
7780, 0.36302829814134013
7797, 0.361559687129451
7814, 0.3601021210635533
7831, 0.3586504297105669
7848, 0.3572045906082733
7865, 0.35576458016401835
7881, 0.35449914509758335
7898, 0.3530650371803367
7914, 0.35180920543171557
7931, 0.3503859795256967
7947, 0.34913967702892235
7964, 0.3477272505616896
7981, 0.3463254475992654
7997, 0.34509358700851084
8013, 0.34393827589615006
8030, 0.342469836185251
8046, 0.34125170929997206
8062, 0.3400330786879002
8079, 0.33865749357171154
8096, 0.33729225378374955
8112, 0.33609252376713333
8128, 0.33489231692473564
8145, 0.3335375284774895
8161, 0.33235115493834044
8177, 0.3311643087513172
8194, 0.32982460175607453
8212, 0.3283293018408669
8228, 0.3271660939070327
8245, 0.3258425593918203
8262, 0.3245289808206405
8278, 0.3233746490647712
8295, 0.32206645368299264
8311, 0.3209208820882183
8328, 0.31962261329331715
8344, 0.31848573429630017
8361, 0.3171973167655749
8378, 0.3159185900117853
8395, 0.3146450171596928
8412, 0.3133765785033717
8429, 0.3121132533449198
8445, 0.31100308364983886
8461, 0.30989247272395526
8478, 0.30863881977129753
8495, 0.3073945951347249
8512, 0.30615538533947656
8529, 0.30492117121109097
8546, 0.3036919326101252
8562, 0.30261171709024043
8578, 0.3015310722446753
8595, 0.3003112448777331
8612, 0.2991005914356495
8629, 0.2978948175263528
8646, 0.29669390449274247
8663, 0.29549783273876856
8680, 0.2943065827476242
8697, 0.29312013508118456
8714, 0.2919384703796773
8731, 0.29076156936138225
8747, 0.2897273464331978
8764, 0.28855526947022375
8781, 0.28739200823339933
8799, 0.2860890806676336
8816, 0.2849398047192055
8832, 0.28392628852486634
8849, 0.2827776794411983
8866, 0.28163770957082696
8883, 0.280502334343235
8901, 0.27923064197482256
8918, 0.27810891771978685
8935, 0.27698776728532915
8952, 0.2758711375212442
8969, 0.27475900926269686
8986, 0.2736513643628451
9004, 0.2724794582351634
9020, 0.2714453717663152
9036, 0.2704760383736095
9052, 0.2695101528463081
9069, 0.2684198643472806
9085, 0.26746511054222577
9102, 0.2663830943004579
9118, 0.2654355851678886
9134, 0.26448769855014626
9151, 0.263417728113904
9168, 0.26235580457728863
9185, 0.26129816111829934
9202, 0.2602447813718821
9219, 0.2591956481493781
9236, 0.25815074433164015
9253, 0.25711005286853017
9270, 0.25607355677864974
9287, 0.2550412391490513
9303, 0.25413407147300665
9319, 0.2532265432481922
9335, 0.25232225666554764
9351, 0.2514211993422387
9368, 0.25040408870963493
9385, 0.24939462743544574
9402, 0.24838923478999386
9420, 0.24726313116944007
9437, 0.2462698266751775
9453, 0.24539385759897706
9469, 0.24451754120964375
9485, 0.24364435497529308
9502, 0.24265870513881152
9519, 0.24168046805432478
9535, 0.24082082390684967
9552, 0.2398465957458529
9569, 0.23887969519980423
9585, 0.23803001324750317
9601, 0.23717999359400616
9618, 0.23622049497609135
9635, 0.23526821243519283
9651, 0.2344313763286765
9668, 0.23348299634668493
9686, 0.2324244728080461
9703, 0.23149077811456623
9720, 0.2305575610549196
9736, 0.2297374804769444
9752, 0.22891707396229344
9769, 0.22799100253124518
9785, 0.2271800518301296
9801, 0.2263687780485406
9817, 0.22556040209358674
9833, 0.2247549128956027
9850, 0.2238456792580469
9866, 0.22304947323008645
9882, 0.22225294999588763
9898, 0.2214592719001544
9915, 0.22056337059697034
9932, 0.21967420707624075
9948, 0.21889283799008735
9965, 0.2180073183595565
9982, 0.217128459126602
9998, 0.21635614512604953
10014, 0.21563182375902934
10031, 0.21471118667053868
10048, 0.21384562673427812
10064, 0.21308498958545105
10081, 0.21222296530461085
10097, 0.21146810059258803
10113, 0.2107129351444298
10129, 0.20996046710693364
10145, 0.2092106861760227
10162, 0.2083643358526561
10180, 0.20741969081382486
10197, 0.2065864452338922
10214, 0.20575362590279633
10230, 0.20502177155944235
10246, 0.2042896263444622
10262, 0.20356009631294752
10278, 0.20283317147508187
10295, 0.20201262103664766
10312, 0.20119824169130612
10329, 0.2003871446979402
10346, 0.19957931750633673
10363, 0.19877474693467476
10379, 0.19806771608023638
10396, 0.19726644340099256
10413, 0.19647119745952674
10430, 0.19567915675279243
10447, 0.1948903090255909
10464, 0.19410464140580289
10480, 0.1934142218601592
10496, 0.19272352791108865
10513, 0.19194387547974998
10529, 0.19126114230753397
10546, 0.19048740526954963
10563, 0.18971948786135245
10580, 0.18895466554037363
10597, 0.18819292647255842
10613, 0.18752353457215418
10629, 0.1868538766256428
10646, 0.18609796954571897
10663, 0.18534774739707016
10679, 0.18468847564217408
10696, 0.18394132798665597
10713, 0.18319979996988942
10729, 0.18254816834598825
10746, 0.18180967919269975
10762, 0.18116299276585812
10779, 0.18043010726844663
10795, 0.17978832789849097
10811, 0.17914629284530442
10828, 0.17842156637160483
10845, 0.17770229032998494
10861, 0.17707021304585205
10878, 0.17635388467680213
10894, 0.1757266041929022
10910, 0.17509907380209047
10927, 0.17439072013041135
10944, 0.17368769375629578
10961, 0.1729875009265478
10977, 0.1723721938894458
10994, 0.17167487111338536
11011, 0.17102351341414349
11027, 0.17037446228118158
11044, 0.16968523034984187
11061, 0.16900117335127432
11077, 0.16840004546221796
11093, 0.16779867865834613
11109, 0.1671994599044619
11125, 0.1666023809951671
11141, 0.16600743428907877
11158, 0.1653358603448405
11174, 0.16474777033085947
11190, 0.16415944602347515
11206, 0.16357322317910522
11223, 0.16291149670202051
11239, 0.16233203000814495
11255, 0.1617523324563721
11273, 0.1610167253108137
11289, 0.16044627441844034
11306, 0.15979719682138274
11323, 0.15915300174179972
11339, 0.15858690325811967
11355, 0.1580205797818591
11372, 0.15738131621833168
11388, 0.15682152005395442
11405, 0.15618710672276265
11422, 0.1555574651040991
11439, 0.15493036125279
11456, 0.1543057854656888
11473, 0.15368372755119972
11489, 0.15313708297546888
11505, 0.15259022113888016
11522, 0.15197292579254343
11538, 0.15143236695752857
11555, 0.15081975516586363
11571, 0.1502832980916404
11588, 0.14967533479851505
11605, 0.14907194427509787
11621, 0.14854170355899346
11637, 0.14801125210177238
11654, 0.14741248072280674
11671, 0.14681821250862415
11688, 0.14622633948957448
11705, 0.14563685250753125
11722, 0.14504974194346604
11738, 0.14453380798020213
11755, 0.1439491039514292
11772, 0.14336879774870426
11788, 0.1428588428114786
11804, 0.14234868519559854
11821, 0.1417728214195795
11838, 0.14120128852771088
11855, 0.14063205919637228
11872, 0.14006512461780296
11889, 0.1395004755409774
11906, 0.1389381027522744
11923, 0.13837799707522377
11940, 0.13782014937034576
11956, 0.13732993067067933
11973, 0.13677436955417568
11990, 0.13622298706656427
12006, 0.13576885995575189
12023, 0.13518919668639615
12039, 0.1347083438413204
12056, 0.13416338821672993
12073, 0.1336225314540035
12090, 0.13308385461171415
12106, 0.13261048265230185
12123, 0.13207401381814146
12140, 0.13154158001109886
12157, 0.1310112921758126
12174, 0.13048314210717077
12190, 0.1300190207392586
12207, 0.12949303552994798
12224, 0.12897100649562274
12241, 0.12845108149667228
12258, 0.1279332524883274
12274, 0.1274782009376999
12291, 0.12696249448320096
12307, 0.12651089629401183
12323, 0.1260591181892804
12340, 0.1255491529605735
12357, 0.1250430230144762
12374, 0.1245389330226562
12390, 0.12409595487988952
12406, 0.12365280067791001
12422, 0.12321122939898893
12438, 0.1227712349964691
12455, 0.12227457071827744
12472, 0.12178164169066426
12489, 0.1212906994110893
12506, 0.12080173628313648
12522, 0.1203720511438565
12538, 0.11994219522859624
12555, 0.11945697567526502
12572, 0.11897540530036749
12589, 0.11849577589251449
12606, 0.1180180800303331
12623, 0.11754230991896851
12639, 0.1171242183801989
12655, 0.11670596067325589
12672, 0.11623383312880455
12689, 0.11576525630204801
12705, 0.11535348564527115
12721, 0.11494155133261959
12738, 0.11447656160910669
12755, 0.11401506892205833
12771, 0.11360952358563782
12787, 0.11320381706756065
12804, 0.11274585725243058
12821, 0.11229134160411144
12837, 0.1118919274710621
12853, 0.11149235459317001
12870, 0.11104131840534127
12886, 0.11064635091095082
12903, 0.1101987368332302
12920, 0.10975448946550616
12936, 0.10936409877614808
12953, 0.10892167198306092
12970, 0.10848257288395124
12986, 0.10809670633199657
13003, 0.10768504656447787
13019, 0.10727637117194991
13035, 0.10689328647189324
13052, 0.10646085555989099
13069, 0.10603167682140219
13086, 0.10560422788572167
13103, 0.10517850213887626
13119, 0.1048043879851291
13135, 0.10443012514178325
13152, 0.10400765881473852
13168, 0.10363770963735645
13184, 0.10326761307326487
13200, 0.10289883847434045
13217, 0.10248256688320882
13234, 0.10206942593538737
13251, 0.101657950150138
13267, 0.1012963584063998
13284, 0.10088656923881292
13301, 0.10047986228271451
13317, 0.10012246093271776
13333, 0.09976491753561174
13349, 0.09940865126435644
13366, 0.09900649903360395
13382, 0.09865433868992705
13399, 0.0982552376760909
13416, 0.09785913848333035
13432, 0.09751105890391291
13448, 0.09716284098227229
13464, 0.09681586687637926
13481, 0.09642420361225489
13498, 0.0960354859202128
13514, 0.09569389297277514
13531, 0.09530676828871913
13547, 0.09496776767163033
13564, 0.09458358048977143
13581, 0.09420228295524141
13598, 0.09382252223849047
13614, 0.0934888006813649
13631, 0.09311059658387878
13648, 0.09273523713214338
13664, 0.09240538298833195
13680, 0.09207539774589328
13697, 0.09170291178895257
13713, 0.0913767298792116
13730, 0.09100707005461309
13748, 0.09059447844262025
13765, 0.09023054265410892
13781, 0.08990959726603334
13798, 0.08954587265051732
13814, 0.08922736320327469
13831, 0.08886639853015957
13848, 0.0885081488372802
13865, 0.08815134306797101
13881, 0.08783779358359138
13898, 0.08748245034241962
13915, 0.08712977980005637
13931, 0.08681986396002646
13948, 0.08646863870038642
13965, 0.08612005516633632
13982, 0.08577287659644776
13999, 0.08542709761885336
14015, 0.08514230896568284
14032, 0.08477879505541305
14049, 0.08443702837999263
14066, 0.08409663464946143
14083, 0.08375761316035735
14100, 0.08341995837957637
14117, 0.08308366479745492
14134, 0.08274872692655276
14151, 0.08241513930154638
14167, 0.0821219931788235
14183, 0.08182873054679686
14199, 0.08153651543317172
14216, 0.08120666394487391
14232, 0.08091781657664401
14249, 0.08059046774371807
14265, 0.08030381214950194
14281, 0.08001704235244499
14298, 0.07969333780897303
14315, 0.07937206774208429
14332, 0.07905209255263086
14348, 0.07877090860243256
14365, 0.07845224497449942
14381, 0.07817319491398964
14397, 0.07789403368065788
14417, 0.07745501995620602
14434, 0.07714606325787257
14450, 0.07687165816557971
14468, 0.0765220658004239
14485, 0.07621466192739502
14502, 0.07590741503272021
14518, 0.07563741652775703
14535, 0.07533142927960047
14551, 0.07506347977852627
14568, 0.07475981436168218
14585, 0.07445843295118604
14601, 0.07419358839576166
14618, 0.07389344207947807
14634, 0.07363060741502077
14650, 0.07336766803791665
14666, 0.07310566786622834
14683, 0.07280992290802729
14699, 0.07255094225802551
14715, 0.07229185843086085
14731, 0.07203370003729534
14748, 0.07174229166598475
14764, 0.07148710851805298
14781, 0.07119791112577824
14798, 0.07091088891922838
14815, 0.0706250235542221
14831, 0.07037381422547895
14849, 0.0700537723692278
14865, 0.06980558549996949
14881, 0.06955630528688499
14897, 0.06930791571133085
14913, 0.06906041314917062
14930, 0.06878103304641965
14947, 0.0685037540705979
14963, 0.06826008998081333
14980, 0.06798394732482094
14996, 0.06774213238860027
15012, 0.0675153439425435
15028, 0.06725911654080481
15046, 0.06695324312416656
15064, 0.06665064894223376
15081, 0.06638289997422538
15098, 0.06611528821354894
15114, 0.06588011976570829
15131, 0.0656136051558662
15147, 0.06538022138851847
15164, 0.06511572909159931
15180, 0.06488411624037821
15197, 0.06462163091112463
15214, 0.06436111985396328
15230, 0.06413219088650017
15247, 0.0638727474323405
15264, 0.06361525537089346
15280, 0.06338897940241968
15296, 0.06316261350186636
15313, 0.06290709262322428
15329, 0.06268333576307884
15346, 0.06242975357717734
15362, 0.06220769458422945
15378, 0.06198554712355911
15394, 0.061764193161755965
15410, 0.06154362966766576
15426, 0.061323853818525786
15442, 0.06110486280161275
15459, 0.06085766644020014
15476, 0.060612329162259775
15492, 0.060396734437339054
15508, 0.060181054025535946
15524, 0.05996614401260272
15541, 0.05972355427541555
15558, 0.05948278897677932
15575, 0.05924299408150209
15592, 0.05900416587920868
15608, 0.05879429130278381
15625, 0.058556442044716175
15642, 0.05832038175955182
15658, 0.05811293936562588
15675, 0.05787784648150529
15692, 0.05764452183833816
15709, 0.05741213760896151
15726, 0.05718069019770942
15742, 0.05697730162410218
15759, 0.056746802903604926
15776, 0.056518037869257784
15793, 0.05629019487122026
15809, 0.0560899737405678
15825, 0.05588967303313321
15842, 0.055663574435109754
15859, 0.055439176251097635
15876, 0.05521568250287155
15892, 0.0550192833536818
15909, 0.05479670569461165
15925, 0.05460179700786842
15942, 0.054380908268128234
15958, 0.05418747854858658
15975, 0.053968265912697586
15991, 0.053776303937951665
16008, 0.05357151008684746
16026, 0.0533158786984383
16042, 0.053126993954012644
16059, 0.05291207128404976
16075, 0.05272386613204764
16091, 0.05253558599955995
16108, 0.05232305617613762
16126, 0.0520858432422116
16143, 0.05187660419413314
16160, 0.051667472182805776
16177, 0.05145918342753151
16194, 0.05125173435342427
16211, 0.0510451215754937
16227, 0.050863556882395265
16243, 0.05068192002741629
16260, 0.050476889107722016
16276, 0.05029734575663623
16292, 0.05011773087598367
16309, 0.04991498235246774
16325, 0.049737437670942256
16341, 0.04955982225611517
16357, 0.049382841274069805
16373, 0.04920649230127821
16390, 0.04900743014325969
16406, 0.04883311357202117
16422, 0.048658727553552404
16438, 0.04848496443263037
16455, 0.04828882117591624
16472, 0.04809415304887282
16489, 0.047900269530763956
16505, 0.04772989090361898
16521, 0.047559444560429855
16537, 0.047389607042444534
16554, 0.04719789499380445
16572, 0.04698391760095343
16589, 0.04679517398883153
16606, 0.04660652692897391
16623, 0.04641864052633942
16640, 0.04623151155621109
16657, 0.04604513696516695
16674, 0.045859513712050846
16690, 0.04569639394123727
16706, 0.04553320933937143
16722, 0.045370607624155165
16739, 0.04518706332660699
16756, 0.045004899406052734
16773, 0.04482346969628756
16789, 0.04466403507711553
16806, 0.04448334903821652
16823, 0.044304022021537964
16840, 0.04412541778149265
16857, 0.04394753355454555
16874, 0.043770366438050434
16891, 0.043593913541092925
16908, 0.043418171984418406
16924, 0.04326373593200397
16940, 0.04310923849983497
16956, 0.042955292924212025
16972, 0.04280189709708356
16989, 0.04262874437668222
17005, 0.042486632906826215
17021, 0.04232539193666144
17038, 0.04215416902426638
17055, 0.04198423169807739
17072, 0.041814979303956876
17088, 0.041666245719826786
17104, 0.041517453022358215
17120, 0.0413691918044314
17136, 0.04122146003583034
17153, 0.04105470088662758
17171, 0.0408685744108345
17188, 0.0407043973317315
17205, 0.04054030423782161
17222, 0.04037687279533883
17239, 0.04021410019929551
17256, 0.040051983793694484
17272, 0.039909521087739604
17288, 0.03976700176077121
17304, 0.0396249915051982
17321, 0.03946469078162107
17337, 0.039324317177822886
17353, 0.03918388764957808
17370, 0.039025371387415415
17387, 0.03886804727450209
17404, 0.038711357255657004
17421, 0.03855529890639485
17437, 0.038418159826358905
17453, 0.038280966241155165
17470, 0.038126102697885945
17486, 0.03799049037384373
17503, 0.03783680181411434
17520, 0.0376842692162649
17536, 0.03755022834095423
17552, 0.037416134191869115
17569, 0.03726476927908554
17587, 0.03709582491882043
17604, 0.03694680371439151
17621, 0.036797858742127224
17638, 0.03664951434147384
17654, 0.03651915403243513
17670, 0.03638874191241497
17686, 0.0362587956174922
17702, 0.03612931336825682
17718, 0.03600029350759471
17735, 0.03585465630039078
17752, 0.03571011438328012
17768, 0.03558309546825331
17784, 0.03545602607029007
17801, 0.035312590667093594
17818, 0.03517023399490995
17835, 0.035028451090599225
17852, 0.03488723976033707
17868, 0.03476314776516545
17885, 0.034622515252709964
17902, 0.03448294050161255
17919, 0.034343928305840335
17935, 0.03422176883966523
17952, 0.034083326447591406
17969, 0.03394592534397611
17985, 0.03382518155244193
18001, 0.03371194094294787
18018, 0.03356800827746185
18035, 0.033432686389692996
18052, 0.03329790811693592
18069, 0.03316367318065247
18085, 0.03304571181711423
18101, 0.03292770357048415
18117, 0.03281011684298847
18133, 0.032692950024447144
18150, 0.03256069249338874
18167, 0.03242942962822573
18184, 0.03229869581739811
18200, 0.03218381113082196
18216, 0.032068880783961085
18233, 0.03193914789071075
18249, 0.03182554220413909
18266, 0.03169679362269703
18282, 0.03158404997614579
18298, 0.031471261412819126
18315, 0.03134394615586055
18332, 0.031217588395538193
18348, 0.031106549148640167
18365, 0.030980709216362763
18382, 0.03085581578368899
18399, 0.030731425733362613
18416, 0.03060753714070206
18432, 0.030498667812629107
18448, 0.030389755215045056
18464, 0.030281231647421383
18480, 0.030173095623687946
18496, 0.030065345759932124
18513, 0.029943718057394264
18530, 0.029823005077267685
18547, 0.029702778630219393
18564, 0.02958303685596499
18581, 0.02946377780060981
18598, 0.02934499951814694
18614, 0.029240620967033545
18630, 0.029136200931243392
18647, 0.02901833203302299
18664, 0.02890134958844948
18680, 0.028798549075739765
18696, 0.02869570770556021
18712, 0.028593233679239383
18728, 0.028491125593553462
18744, 0.02838938214172711
18760, 0.02828800202163231
18777, 0.028173564465426706
18794, 0.028059987556878364
18811, 0.02794686841950356
18828, 0.027834205302997097
18844, 0.027735200563906538
18861, 0.027622999247585007
18878, 0.027511641848608374
18894, 0.027413784449982884
18910, 0.027315888158497666
18927, 0.027205383235473748
18943, 0.02710861527373823
18960, 0.026998948775709013
18977, 0.02689010712951947
18993, 0.026794460495743445
19009, 0.026704757472778586
19026, 0.02659074188018071
19043, 0.026483547275169453
19060, 0.026376783292263218
19077, 0.02627044971082343
19093, 0.02617700716446374
19109, 0.026083527479881564
19125, 0.025990381699723
19141, 0.02589756854849653
19157, 0.02580508683837969
19173, 0.025712935385780945
19189, 0.025621113011332308
19205, 0.025529618539875214
19221, 0.025438450800451283
19238, 0.02533554094697169
19255, 0.025233405045044004
19272, 0.025131680801372083
19289, 0.025030366641959713
19305, 0.024941335002946007
19322, 0.02484043612494258
19339, 0.02474029615347761
19355, 0.024652296279236468
19372, 0.024552566692406963
19389, 0.02445358721734863
19406, 0.024355006678562795
19422, 0.024268377257838293
19440, 0.024158010971866026
19457, 0.024060963590045496
19474, 0.023963965766280078
19491, 0.023867359054357825
19508, 0.02377114179618309
19524, 0.023686589150765578
19540, 0.023602002900368183
19558, 0.023494667187064416
19575, 0.023400284584938313
19591, 0.023317050979132427
19608, 0.02322272305797273
19625, 0.023129104620170714
19641, 0.02304683566569945
19657, 0.022964534013903536
19673, 0.022882526339197833
19689, 0.022800811518611783
19706, 0.022708572089762544
19723, 0.02261702636367193
19740, 0.02252584961218389
19756, 0.022445726402652803
19774, 0.022343649060079965
19791, 0.02225389031942293
19808, 0.02216417741482025
19825, 0.0220748262480153
19842, 0.021985835285447102
19859, 0.02189720307503224
19875, 0.02181931592669542
19891, 0.021741397822541596
19908, 0.021653444193542308
19925, 0.02156615203517938
19942, 0.02147921170743499
19959, 0.021392621865069354
19975, 0.021316529484375995
19991, 0.02124040686118696
20008, 0.021159518053745427
20025, 0.021069177784136424
20041, 0.020994237076379898
20058, 0.0209093059781805
20074, 0.020834932796122484
20090, 0.02076052998397936
20107, 0.020676544401868297
20123, 0.02060299913914498
20140, 0.020519650773996416
20157, 0.020436929309987424
20173, 0.020364236275192547
20190, 0.020281853812851827
20206, 0.020209712441555908
20222, 0.02013754232932586
20239, 0.020056077009504687
20255, 0.019984738713115357
20271, 0.019913371995749007
20287, 0.01984226019648994
20304, 0.019761989424281118
20320, 0.019691697180284656
20336, 0.01962137693205338
20353, 0.019541999730955512
20369, 0.019472489977468328
20386, 0.01939371502854159
20403, 0.019315532581995174
20419, 0.01924682829375339
20435, 0.019178096699389784
20452, 0.019100512764090437
20469, 0.019023512312332052
20485, 0.01895584672414791
20502, 0.018879161828735915
20519, 0.018803053715445443
20535, 0.018736172286380418
20552, 0.018660376072521672
20569, 0.018585149956604194
20586, 0.018510227039165005
20603, 0.01843560616092612
20620, 0.01836128610425195
20637, 0.01828726565643291
20653, 0.018222218857168335
20670, 0.018148501815268912
20686, 0.018083948652624922
20703, 0.018010790975654688
20719, 0.017946727642433723
20735, 0.0178826387865479
20752, 0.01781029555497721
20769, 0.01773849639332163
20786, 0.017666986617835334
20802, 0.01760414611703613
20819, 0.017532929456368238
20835, 0.017470565848706095
20852, 0.017399889580076964
20869, 0.01732974489995766
20885, 0.017268103949405023
20902, 0.017198246729912478
20919, 0.017128914938470737
20936, 0.017059862588462604
20953, 0.01699108861144679
20970, 0.016922591885193516
20987, 0.01685437129201008
21003, 0.016798183807781048
21020, 0.016726464194399607
21037, 0.016659035209880792
21054, 0.01659187710104102
21071, 0.01652498972908759
21088, 0.016458372002365943
21104, 0.016399830477352068
21121, 0.0163334858131831
21138, 0.016267640157534822
21155, 0.01620205989247039
21172, 0.016136744003266545
21189, 0.016071691424122913
21205, 0.016014525300685124
21221, 0.01595733645688838
21237, 0.01590035188857311
21253, 0.015843570815425843
21269, 0.015786992510765322
21285, 0.015730616250491426
21302, 0.01566697890770727
21319, 0.015603820160689893
21335, 0.015548318229619999
21352, 0.015485418314114829
21369, 0.015422991497601781
21386, 0.015360816292056786
21403, 0.01529889173544608
21419, 0.015244474418044475
21436, 0.015182803686932487
21453, 0.015121596809552112
21469, 0.015067810120446105
21486, 0.015006854075592848
21503, 0.014946356508992207
21520, 0.014886102777525136
21536, 0.014833153727766387
21552, 0.01478018363370303
21569, 0.014720391213801464
21586, 0.014661048473242028
21603, 0.014601944913307472
21619, 0.014550006597460845
21636, 0.014491145299922592
21653, 0.014432726725082785
21669, 0.014381390309021667
21685, 0.014330033489602144
21701, 0.014278860113987402
21717, 0.014227869481434265
21734, 0.014170311418048294
21750, 0.01411990844665046
21767, 0.014062787088877425
21784, 0.014006095366934675
21801, 0.01394963214068891
21818, 0.013893396536488743
21835, 0.013837387636701984
21852, 0.013781604527410537
21868, 0.013732584117248033
21884, 0.013683544224196867
21901, 0.013628188198705442
21918, 0.013573248487875562
21935, 0.013518530211285507
21952, 0.01346403252226543
21968, 0.013416141698281524
21984, 0.013368231840353026
22001, 0.013317322253818351
22017, 0.013266781699922127
22034, 0.013213112332744836
22050, 0.013166114062516221
22066, 0.013119097068469882
22082, 0.013072248016616009
22099, 0.01301936495629878
22115, 0.012973055834351765
22132, 0.012920574009378757
22149, 0.012868486924189043
22166, 0.012816609775732185
22182, 0.01277102179888678
22199, 0.01271935729214072
22217, 0.012661692540099261
22234, 0.012610828037783732
22250, 0.012565971972646079
22267, 0.012515136984355937
22283, 0.012470621371907997
22299, 0.012426088024556586
22316, 0.012375818968955397
22332, 0.012331798902555674
22349, 0.012281911249262726
22365, 0.012238225207155853
22382, 0.012188716101395426
22398, 0.012145361548997109
22415, 0.012096228118352417
22432, 0.012047464242689761
22449, 0.011998896909580017
22466, 0.011950525367547806
22482, 0.011908018005359362
22498, 0.011865493748856358
22514, 0.011823121386718045
22531, 0.011775291599475187
22547, 0.011733407573910073
22563, 0.011691506861866095
22580, 0.011644209513951696
22596, 0.01160279173972016
22612, 0.011561357464763864
22629, 0.011514586629075948
22645, 0.011473629915889282
22661, 0.011432656885664784
22678, 0.011386406701092647
22695, 0.011340504349112173
22712, 0.01129478700633894
22729, 0.011249253965380311
22745, 0.011209240987041092
22761, 0.011169212105766418
22778, 0.011124027672558113
22795, 0.011079183056776657
22811, 0.011039775011310758
22827, 0.011000351303342282
22843, 0.010961068414745668
22859, 0.010921925807600912
22876, 0.010877741757503424
22892, 0.010839050264390531
22908, 0.010800343356692
22924, 0.010761774708000842
22941, 0.010718238540365327
22958, 0.010675029794094733
22974, 0.010637059299577773
22990, 0.010599073713909963
23006, 0.010563589959662903
23023, 0.010518488858465957
23040, 0.010476085932528661
23057, 0.010433853347605099
23073, 0.010396740704469743
23090, 0.010354681228830386
23106, 0.010317850231521512
23123, 0.010276109903192793
23139, 0.010239558379509059
23155, 0.010202992293792306
23172, 0.010161716649688016
23188, 0.010125572016127857
23205, 0.010084609539355055
23222, 0.010043955160085207
23239, 0.010003464638085048
23256, 0.009963137346847107
23273, 0.009922972628323827
23290, 0.00988296982713394
23307, 0.00984312829053094
23323, 0.009808116823967938
23340, 0.009768438595725553
23357, 0.00972905880555895
23374, 0.009689837735439934
23391, 0.009650774778500076
23407, 0.009616447502813963
23424, 0.009577544662877751
23440, 0.009543477895016566
23456, 0.009509397555043935
23473, 0.009470927810302713
23490, 0.009432747384000784
23507, 0.00939472084371633
23524, 0.009356847601064304
23541, 0.009319127038042397
23558, 0.009281558539152912
23575, 0.009244141491368364
23591, 0.009211260587943138
23607, 0.00917836661618427
23624, 0.009141236038897051
23640, 0.009108721195361219
23657, 0.009071872335878646
23673, 0.009039604214998711
23690, 0.009003034964673348
23707, 0.00896674076839085
23724, 0.00893059285568481
23741, 0.008894590667238151
23757, 0.008862953096890175
23774, 0.008827098479515473
23790, 0.008795701004968232
23806, 0.008764291021747748
23822, 0.008732993233310274
23839, 0.008697664389539226
23855, 0.008666727304494477
23871, 0.00863577789420156
23888, 0.008600842329746049
23904, 0.008570249635121964
23921, 0.008535579134425937
23937, 0.008505218577189695
23953, 0.008474845924385147
23970, 0.008440561401360146
23987, 0.008406534721080099
24004, 0.008374639162040808
24021, 0.008338883755991684
24038, 0.008305267418603771
24054, 0.00827572603856288
24070, 0.008246172917576384
24086, 0.008216725358755646
24103, 0.00818348504827519
24119, 0.008154376869163678
24136, 0.008121388760185854
24153, 0.008088648769851258
24170, 0.008056040737879293
24187, 0.008023564159730712
24203, 0.007995024782818045
24220, 0.007962681324452487
24237, 0.007930581136009704
24254, 0.007898610327214586
24271, 0.00786676840338478
24287, 0.007838786740364128
24304, 0.0078070753349014765
24321, 0.007775602445401742
24338, 0.007744256407225975
24355, 0.00771303673535758
24371, 0.007685601887434654
24388, 0.007654510183355743
24404, 0.007627283536998386
24421, 0.007596427756775986
24438, 0.00756580405697601
24455, 0.007535303785841297
24472, 0.0075049264714482635
24488, 0.00747823186029744
24505, 0.007447979060913917
24521, 0.0074214870337156345
24537, 0.007394984452163114
24554, 0.007365068449325837
24571, 0.0073353774350130956
24588, 0.0073058060901914496
24604, 0.007279819739300572
24621, 0.007250369605869494
24637, 0.007224580463977754
24653, 0.007198781047761217
24669, 0.007173073785682938
24685, 0.007147458325714068
24702, 0.007118543676199811
24719, 0.0070898464843665455
24736, 0.007061264956427012
24753, 0.007032798650130063
24770, 0.007004447100975146
24787, 0.006976209846340409
24803, 0.006951395851181899
24819, 0.006926571993837247
24836, 0.006898550927834164
24853, 0.006870740599155701
24869, 0.006846301752309612
24886, 0.006818605393424167
24904, 0.0067876924172219745
24921, 0.00676042492548968
24938, 0.006733171382510163
24955, 0.006706027730477212
24972, 0.006678993503521894
24989, 0.006652068260523926
25006, 0.006626829390654585
