0, 26.807135244184526
16, 11.084549169854881
33, 11.135762418717084
49, 10.936069603120309
65, 10.740803661175427
81, 10.5490241407965
98, 10.336236013774775
114, 10.151832881458539
130, 9.97056953520292
146, 9.79254272242006
163, 9.595013851799195
180, 9.401611192912148
197, 9.212106835758766
214, 9.026422238933842
230, 8.86538674469968
247, 8.686559837556612
264, 8.511468504178337
281, 8.339906382088929
298, 8.171802366175363
315, 8.007086752825522
332, 7.845691243421593
348, 7.705720529272706
364, 7.568133090167846
381, 7.415473579321088
397, 7.283178171803991
414, 7.136266563298146
431, 6.992423839449247
448, 6.851480467355977
465, 6.713378032058937
482, 6.578059269973231
499, 6.445468071758485
516, 6.315549459046924
533, 6.188249561646809
550, 6.063515595205375
567, 5.941295839322072
583, 5.835300408734992
600, 5.717594463761007
616, 5.615589988729998
632, 5.515322318404585
649, 5.404070785528701
665, 5.3076597149240685
682, 5.200597000305898
698, 5.107815994198127
714, 5.016614747095524
731, 4.915422822445943
748, 4.816344711867
765, 4.719263659510836
782, 4.624139429456823
800, 4.519577300806896
817, 4.428545332865012
833, 4.349538045755934
850, 4.261801948212765
866, 4.185769471063701
883, 4.101336808382282
899, 4.028167102010852
916, 3.9469134934450505
934, 3.857664971392882
950, 3.7888998826934595
967, 3.7124726062862914
984, 3.637641857302415
1001, 3.5651822526118404
1018, 3.4924573258125706
1035, 3.4220615284706173
1052, 3.3530844608986716
1070, 3.277263726225091
1087, 3.211254065009763
1104, 3.1465261438329404
1121, 3.0831029281877957
1138, 3.0209581078554826
1155, 2.96006591475752
1171, 2.907256987263233
1188, 2.8486136600995096
1205, 2.7911953525815183
1222, 2.734934391547592
1238, 2.686141913223112
1255, 2.6319587778087135
1272, 2.5789074916354853
1289, 2.5269255285089
1306, 2.475991344143338
1323, 2.4260838188968195
1340, 2.3771822588295053
1356, 2.3347722419034116
1372, 2.2930843384248996
1388, 2.2521407900377377
1404, 2.2119282981243247
1420, 2.172433809504955
1436, 2.1336445040656247
1453, 2.0906060000589495
1469, 2.053308642071358
1485, 2.0166463368794343
1502, 1.9759678446183935
1519, 1.936139091796657
1535, 1.901597486350322
1552, 1.8632396789688925
1569, 1.825683140374239
1586, 1.7888836064663474
1603, 1.7528258254228215
1620, 1.7174948460387665
1637, 1.6828760184761418
1654, 1.6489549881876007
1670, 1.6195368782805177
1686, 1.5906196692055188
1703, 1.5585347127504598
1720, 1.5271199840101597
1737, 1.496338463169976
1754, 1.4661773926134705
1770, 1.440020118468237
1786, 1.414308223051459
1803, 1.3857797076375216
1820, 1.3578471288806286
1837, 1.3304775704090899
1853, 1.3067412430529182
1870, 1.2803824950748741
1886, 1.2575398914105549
1903, 1.232173601605557
1920, 1.2073371965277
1937, 1.1830014040129284
1954, 1.1591561379230062
1971, 1.135791510920207
1988, 1.1128978349628553
2004, 1.09329167397897
2020, 1.0735221948744103
2036, 1.0543542656050857
2052, 1.035528527624586
2068, 1.0170389275394587
2085, 0.9965238727238758
2102, 0.9764373601240934
2118, 0.9590172717743665
2135, 0.9396725891850018
2152, 0.9207320039986586
2169, 0.90217319286001
2186, 0.8839884639408556
2202, 0.8682177061123548
2219, 0.8507045742454528
2235, 0.8355276193123352
2252, 0.8186738909524385
2269, 0.8021722256385043
2286, 0.7860031745230417
2302, 0.771980518998129
2318, 0.7581966265971133
2334, 0.7446588514059045
2358, 0.7146558304598467
2375, 0.7003271696246796
2391, 0.6878329946626799
2407, 0.6755515759587952
2424, 0.6619247842640729
2440, 0.6501157462918862
2456, 0.6385077778587681
2472, 0.6271070745962312
2488, 0.6159099335127005
2505, 0.6034861946514516
2522, 0.5913219772308188
2538, 0.5807725231570969
2554, 0.570402694163165
2571, 0.5588968980521306
2587, 0.5489259242367789
2604, 0.5378533418314324
2620, 0.5282577945912517
2637, 0.5176021164685285
2654, 0.5071690282924703
2671, 0.49694623363498747
2687, 0.48808048591978903
2703, 0.4793656948915293
2719, 0.4708065101310438
2737, 0.4601535671269201
2753, 0.45195106789561046
2769, 0.4438813745042136
2785, 0.43595577044778455
2802, 0.4271619511693597
2819, 0.41855182736885
2835, 0.411084671656186
2852, 0.4027925347733702
2869, 0.3946736150505943
2885, 0.38763245754858267
2902, 0.37981338371820955
2918, 0.37303734091533886
2935, 0.3655126704357991
2951, 0.3589917588354212
2968, 0.35175040684777187
2985, 0.3446603218310259
3002, 0.33779489866621076
3019, 0.3309043366870344
3035, 0.3250008720231959
3051, 0.31919790557075034
3068, 0.3127592508130659
3085, 0.3064550941299075
3101, 0.3009877953220342
3118, 0.29491646216136275
3134, 0.28965501889330814
3151, 0.2838122832449974
3168, 0.27809159841327646
3184, 0.273130317319876
3201, 0.26762090737534694
3217, 0.2628464291682688
3234, 0.25754445923314445
3251, 0.25235324388268277
3267, 0.2478511467863371
3284, 0.24285165208992684
3300, 0.23851906861642186
3317, 0.2337078146276901
3333, 0.22953836135624614
3350, 0.22490826044628362
3367, 0.22037487922912724
3385, 0.2153917106145883
3402, 0.2110533555006818
3418, 0.20728806649491427
3434, 0.2035868896722769
3450, 0.19995179892197285
3467, 0.19591849989645954
3484, 0.19196945309044297
3500, 0.18854463039329916
3516, 0.1851781219981111
3533, 0.18144282807728804
3549, 0.17820580583929987
3565, 0.17502389957017264
3581, 0.17189880757905468
3597, 0.16882951482424308
3614, 0.16542399448738446
3631, 0.16208961260198182
3648, 0.15882243985816957
3665, 0.1556211221533827
3681, 0.15284477027708987
3697, 0.1501156912191211
3714, 0.147087654090417
3730, 0.1444635437176217
3746, 0.1418841134165133
3762, 0.13935073993098457
3779, 0.13653984647266992
3795, 0.13410391376544992
3811, 0.13170945707581216
3828, 0.12905269865844335
3845, 0.12645143768659295
3862, 0.12390260877649485
3878, 0.12169212966161945
3894, 0.11951928827503874
3910, 0.11738524388744863
3926, 0.11528930335324203
3942, 0.11323078631945407
3958, 0.11120902458085705
3974, 0.10922336186321444
3991, 0.10702017848930834
4008, 0.10488840226993144
4024, 0.10299175462654953
4040, 0.10115281857341217
4057, 0.09911242900440165
4073, 0.0973442183776841
4090, 0.09538065310944013
4107, 0.09345810539853092
4123, 0.09179077012488181
4140, 0.08993922546041308
4156, 0.08833466894002825
4173, 0.08655283853649641
4190, 0.08480822937124681
4207, 0.08309878524954799
4223, 0.08161626497754546
4240, 0.07996995391873642
4256, 0.0785432537182474
4273, 0.07695892947561465
4289, 0.07558594731504871
4305, 0.07423634257862621
4322, 0.07273889484481115
4339, 0.07127272753284081
4356, 0.0698361128785447
4373, 0.06842845546695443
4389, 0.06720766057678246
4406, 0.06585199066375014
4422, 0.06467716132249163
4439, 0.0633725350207169
4456, 0.06209516148460637
4472, 0.06098735545083282
4488, 0.05989841198054424
4504, 0.05882891205498508
4521, 0.057642253095465196
4537, 0.05661388919099613
4553, 0.055603034981794586
4570, 0.05448144633888668
4587, 0.05338328673800815
4604, 0.052307262083466165
4622, 0.051124477967480424
4639, 0.050094744094243145
4656, 0.049085005038567546
4673, 0.04809561905631884
4690, 0.04712617571476923
4707, 0.0461762730384782
4724, 0.04524551715440393
4741, 0.04433352212864213
4757, 0.0435425918510415
4773, 0.04276512870765135
4790, 0.04190249804932729
4806, 0.041154938504256666
4823, 0.04032478742584663
4840, 0.03951197764492562
4857, 0.03871555118462858
4873, 0.03802484807386364
4889, 0.03734590553384022
4906, 0.036592587958287195
4923, 0.03585500655235812
4940, 0.035132292133738266
4956, 0.034505516000571126
4973, 0.033809492816990507
4990, 0.03312800908938789
5007, 0.03246811937596209
5023, 0.03188101364484056
5040, 0.031237932029439763
5056, 0.03068063317230325
5073, 0.03006176307699047
5090, 0.029455820761588033
5106, 0.02893031546955996
5123, 0.028346751662697702
5139, 0.027841032773307104
5156, 0.02727944127977458
5173, 0.026729581054694147
5189, 0.026252713123853025
5205, 0.025783964801811634
5222, 0.025263867254984255
5239, 0.02475463410781886
5256, 0.024255665268650993
5273, 0.02376675393638622
5289, 0.023342744194184528
5306, 0.022871889298781044
5323, 0.022410870245300057
5339, 0.022011050087226577
5356, 0.02156705727298576
5373, 0.02113233916989722
5390, 0.020706383419608985
5406, 0.020336972084808978
5422, 0.0199738507001529
5438, 0.019617213000918354
5454, 0.01926694314983762
5470, 0.018922927447518834
5486, 0.01858505422470559
5503, 0.018210168469755508
5520, 0.01784311376246145
5536, 0.01752478446570778
5553, 0.017171285730165967
5570, 0.01682517134535585
5586, 0.016525002606111165
5602, 0.016229944826487226
5618, 0.015940155427902745
5634, 0.015655540285679084
5650, 0.015376007012307924
5667, 0.015065852092805742
5683, 0.014797070467336507
5700, 0.014498593432695078
5716, 0.014239931958675654
5733, 0.013952693165435568
5749, 0.013703770799460543
5765, 0.013459086772408478
5781, 0.013218771681810817
5798, 0.012952131125288245
5815, 0.012691060465407926
5833, 0.012404087220456718
5849, 0.012182977257755226
5866, 0.011937229996226647
5883, 0.011696616271594174
5900, 0.011460852453880302
5916, 0.011256385613032426
5932, 0.011055400219887563
5948, 0.010858003505669043
5965, 0.010638982845725935
5982, 0.010424537342896145
5999, 0.010214414289810401
6016, 0.010010949393976091
6033, 0.009806739479783257
6049, 0.009631783356311624
6066, 0.009437497187109165
6083, 0.0092472695253844
6100, 0.009060876168874304
6118, 0.008855989505291446
6135, 0.008677614825735952
6152, 0.008502703729615844
6169, 0.00833131827546111
6186, 0.008163387366435904
6202, 0.008017748808382305
6219, 0.007856019911168821
6236, 0.007697669421799593
6252, 0.0075603394845369
6268, 0.007425347857917994
6285, 0.007275568518885586
6301, 0.007145769081010721
6318, 0.007001629200723975
6335, 0.0068605003055710306
6352, 0.006722216061152257
6369, 0.006586719154598394
6386, 0.006453953402688548
6403, 0.006323863754708894
6420, 0.006196396269514285
6437, 0.006071498093275832
6453, 0.005963179795035137
6470, 0.005842894348939217
6486, 0.005738654467210116
6503, 0.005622898002308765
6520, 0.005509559612085907
6537, 0.005398505715999027
6553, 0.005302193909050814
6569, 0.0052075219988985955
6586, 0.0051024792160041695
6603, 0.004999630688379554
6619, 0.00491043499405025
6636, 0.004811384842261063
6653, 0.0047144037814944965
6670, 0.004619377509973132
6686, 0.004536965705977307
6703, 0.004445448937634365
6720, 0.0043558438929991485
6737, 0.004268044963657136
6754, 0.004182015760734681
6771, 0.004097720612589666
6788, 0.004015124566608549
6805, 0.003934193374691213
6821, 0.0038640055685225647
6837, 0.0037950128469729904
6854, 0.00371846228978824
6870, 0.0036521232382395914
6886, 0.003586913725164983
6903, 0.003514560809569672
6919, 0.003451859452799394
6935, 0.0033902256963678043
6952, 0.0033218402451273706
6968, 0.0032625771105100924
6985, 0.003196766493246245
7002, 0.003133088868278894
7019, 0.0030691780658419075
7035, 0.003014422711352361
7051, 0.00296059949002151
7068, 0.002900880182165151
7085, 0.0028424083603406265
7101, 0.002791698497332539
7117, 0.0027418520688788327
7134, 0.0026865451932289097
7150, 0.002638616010112975
7166, 0.00259150290520732
7183, 0.002539228776156773
7200, 0.0024880466096302524
7216, 0.0024436587220564333
7233, 0.002394366802371659
7250, 0.0023461045577220178
7267, 0.0022988151062767
7284, 0.0022524788485957293
7300, 0.0022122935974422
7316, 0.0021727925787571045
7332, 0.0021339968674031354
7349, 0.0020909512557558555
7366, 0.0020488048306708385
7383, 0.002007507925876362
7399, 0.0019716930678439775
7416, 0.0019319213372479018
7433, 0.0018929804113528383
7450, 0.0018548243944059607
7467, 0.0018174374723950834
7483, 0.0017850135580526217
7499, 0.0017531417242255165
7515, 0.001721838975437594
7531, 0.0016910951444223546
7547, 0.0016609002515791936
7564, 0.001627397640441716
7581, 0.001594594870630529
7598, 0.001562453286631386
7615, 0.0015309595671409622
7632, 0.0015001006534231288
7648, 0.0014733381728050843
7664, 0.0014470313757447304
7680, 0.0014211942976330013
7697, 0.001392526880749293
7713, 0.0013676835704484146
7729, 0.0013432632609717986
7745, 0.0013192789864251127
7762, 0.0012926673396332937
7779, 0.0012666115877105063
7796, 0.0012410810260128464
7813, 0.001216065073201661
7829, 0.00119436991703256
7846, 0.001170277851509434
7863, 0.0011466890530378556
7880, 0.0011235757198760738
7896, 0.001103530616007376
7913, 0.0010812709027363588
7929, 0.001061980540070806
7946, 0.0010405589483388142
7963, 0.0010195848392337364
7979, 0.0010013949801603757
7996, 0.0009811954815612692
8013, 0.0009616506702617155
8030, 0.0009420342889236935
8046, 0.0009252280234302587
8063, 0.000906564915913316
8080, 0.0008882916681732427
8096, 0.0008724441392164612
8113, 0.0008548457544536271
8129, 0.0008395949189925664
8146, 0.0008226591476614828
8163, 0.0008060771532127659
8180, 0.0007898293920913872
8196, 0.0007757384750942842
8213, 0.0007600907750876301
8230, 0.000744769944995948
8247, 0.0007297579277075259
8264, 0.0007150485013993166
8281, 0.0007006355668768725
8297, 0.0006881359084664033
8314, 0.0006742552713657825
8331, 0.0006606645914263613
8347, 0.0006488780334529228
8364, 0.0006357892810854418
8381, 0.0006229739439359807
8398, 0.000610416917872937
8415, 0.0005981129985511431
8432, 0.0005860570842107058
8448, 0.0005756015582274334
8464, 0.0005653240580158343
8480, 0.0005552300669142651
8497, 0.0005440303232696834
8514, 0.0005330645328384061
8531, 0.0005223197732855113
8547, 0.0005130013500406248
8563, 0.0005038415911600684
8580, 0.0004936784227928844
8596, 0.00048487097610833195
8613, 0.0004750904691215714
8630, 0.00046551427034596164
8646, 0.0004572092832148331
8663, 0.00044798675020179147
8680, 0.0004389568696931393
8696, 0.00043112567871572623
8712, 0.000423427829064947
8728, 0.0004158674277724521
8745, 0.00040747881762564136
8762, 0.00039926543846059926
8778, 0.000392142360738156
8795, 0.00038423231602806497
8812, 0.0003764875068302575
8829, 0.0003688988051109478
8845, 0.00036231748199008795
8862, 0.0003550090456472588
8879, 0.0003478532776090214
8895, 0.00034164741629901863
8912, 0.00033475592328036455
8928, 0.0003287837259851814
8945, 0.00032215171110113735
8963, 0.0003148671419933908
8979, 0.0003092544547619881
8996, 0.0003030163707699077
9013, 0.00029698047079128797
9029, 0.00029161031261652634
9046, 0.0002857281523800747
9063, 0.000279968850180756
9079, 0.00027497407806012936
9096, 0.00026942747695937974
9112, 0.0002646207687355857
9129, 0.0002592830079669182
9146, 0.00025405674941747443
9163, 0.000248935833447141
9179, 0.00024449470451275135
9195, 0.00024012919447229613
9212, 0.00023528546286752792
9229, 0.00023054291275744455
9245, 0.00022642992193186212
9262, 0.0002218625224680111
9278, 0.0002179043945794649
9294, 0.00021401366073868389
9311, 0.00020969671488364893
9327, 0.0002059556305026552
9344, 0.00020180122535187736
9360, 0.00019820100008121797
9376, 0.0001946620749538543
9393, 0.00019073547683759592
9409, 0.00018733266954011315
9426, 0.00018355391482921063
9443, 0.000179854095761061
9459, 0.00017664541656680954
9476, 0.00017308223827730386
9492, 0.00016999437274787556
9508, 0.00016695908354103292
9524, 0.00016397799068351132
9540, 0.00016105012593833486
9556, 0.00015817453889519048
9573, 0.00015498394387648834
9590, 0.000151859997701804
9607, 0.00014879901905293793
9623, 0.0001461443766137517
9639, 0.00014353493463920255
9656, 0.0001406396402904763
9672, 0.00013813056540206304
9688, 0.00013566421190095817
9705, 0.00013292768070626379
9723, 0.00012992188920427875
9740, 0.00012730504154412727
9756, 0.00012503386101381247
9773, 0.00012251175799070897
9790, 0.00012004234001560393
9807, 0.00011762269661995666
9824, 0.00011525182497214733
9840, 0.00011319567978787335
9856, 0.0001111745444972336
9873, 0.00010893200313112796
9890, 0.00010673630654533411
9907, 0.00010458486730908893
9924, 0.00010247679374799597
9940, 0.00010064856094683576
9956, 9.88514574004655e-05
9973, 9.685748941028123e-05
9989, 9.512950792364737e-05
10005, 9.34521851713212e-05
10022, 9.154588617269792e-05
10038, 8.991267124583253e-05
10055, 8.809901038546752e-05
10072, 8.632323568936628e-05
10089, 8.45832542226894e-05
10106, 8.287834483646295e-05
10123, 8.120780058919361e-05
10139, 7.975901635790217e-05
10155, 7.83349004977845e-05
10172, 7.675477928504156e-05
10189, 7.520766547461775e-05
10205, 7.386592638985355e-05
10221, 7.254703302509786e-05
10238, 7.108366096017289e-05
10254, 6.981549624758443e-05
10270, 6.856892426803548e-05
10286, 6.734461034916559e-05
10302, 6.6142156842529e-05
10319, 6.480797980557068e-05
10336, 6.350167260316629e-05
10353, 6.222169585640391e-05
10370, 6.096751907703541e-05
10387, 5.973862221341191e-05
10403, 5.867285792924654e-05
10420, 5.748934658778299e-05
10437, 5.633055799408957e-05
10454, 5.519512641718816e-05
10470, 5.421042015554351e-05
10487, 5.3116922261241746e-05
10504, 5.204626680532093e-05
10521, 5.099719190275748e-05
10537, 5.008737871936368e-05
10553, 4.9193056869637215e-05
10570, 4.820076618414291e-05
10587, 4.7229203612734696e-05
10604, 4.627722425316493e-05
10621, 4.534443353329222e-05
10638, 4.443044469545828e-05
10654, 4.363778526141011e-05
10671, 4.275755178508546e-05
10688, 4.189570580355191e-05
10704, 4.1148267286982505e-05
10720, 4.041355537658628e-05
10736, 3.969196204654838e-05
10753, 3.8891321334748616e-05
10769, 3.8197482543365055e-05
10786, 3.742698737069037e-05
10803, 3.667258733321152e-05
10820, 3.5933393281366115e-05
10836, 3.529232514107755e-05
10852, 3.466217243205913e-05
10868, 3.404327137509598e-05
10885, 3.335657241350497e-05
10902, 3.268421800658972e-05
10918, 3.21011166346559e-05
10935, 3.145359345257749e-05
10952, 3.081959659089997e-05
10968, 3.026976091792468e-05
10985, 2.9659178668096155e-05
11002, 2.9068386044914772e-05
11019, 2.8475430042642045e-05
11036, 2.790146437272259e-05
11052, 2.740368951641126e-05
11069, 2.685091984122379e-05
11086, 2.630969714019062e-05
11103, 2.5779383542430917e-05
11120, 2.5259759258666572e-05
11137, 2.4750608815074237e-05
11154, 2.425172110699926e-05
11170, 2.3819059319136222e-05
11186, 2.339376446092026e-05
11202, 2.2976063409077598e-05
11218, 2.256582050737636e-05
11234, 2.2162902585589824e-05
11250, 2.17671788657028e-05
11267, 2.1328105345483957e-05
11283, 2.094760228671304e-05
11299, 2.0573577957995577e-05
11315, 2.020623199281402e-05
11332, 1.9798644881365955e-05
11349, 1.9399571932454516e-05
11366, 1.9008542846794742e-05
11383, 1.8625395569384176e-05
11399, 1.8293110009509788e-05
11415, 1.7966482260089912e-05
11432, 1.760407393219792e-05
11448, 1.729000926761402e-05
11465, 1.6941246264506443e-05
11482, 1.6599768693096035e-05
11499, 1.626517408618049e-05
11516, 1.593732374854817e-05
11533, 1.5616081762978753e-05
11549, 1.5337483724581284e-05
11565, 1.5063629368417568e-05
11582, 1.4759775535795175e-05
11599, 1.4462268952211327e-05
11616, 1.4170759027484796e-05
11633, 1.3885124953810736e-05
11650, 1.3605248284443555e-05
11667, 1.3331012971989244e-05
11684, 1.3062305295816057e-05
11701, 1.2799013855176942e-05
11717, 1.2570673604104009e-05
11733, 1.2346221291069018e-05
11749, 1.212577667470414e-05
11765, 1.1909268151878215e-05
11782, 1.1669042050385007e-05
11798, 1.1460861054012297e-05
11814, 1.125622470826999e-05
11830, 1.1055242236856879e-05
11847, 1.0832242994499387e-05
11864, 1.061390202316103e-05
11881, 1.0399962020261512e-05
11897, 1.021442194340065e-05
11913, 1.0032041051199559e-05
11930, 9.829681179387192e-06
11947, 9.631548427602193e-06
11963, 9.459717208180707e-06
11980, 9.268901848201597e-06
11997, 9.082072494079864e-06
12014, 8.90116316089115e-06
12030, 8.740207613403368e-06
12047, 8.563906225993016e-06
12064, 8.391287181215086e-06
12080, 8.241582772819547e-06
12097, 8.075338839615772e-06
12114, 7.91256762593555e-06
12131, 7.753077296824596e-06
12147, 7.614758860610046e-06
12164, 7.461158811768179e-06
12181, 7.310767371285383e-06
12197, 7.1803399379014675e-06
12214, 7.035502722033674e-06
12230, 6.9099861730179305e-06
12246, 6.786606765285726e-06
12263, 6.649711687695083e-06
12280, 6.515676256399899e-06
12297, 6.384342477626198e-06
12314, 6.25565593553772e-06
12331, 6.129563279378922e-06
12347, 6.02020907917075e-06
12363, 5.912716847397916e-06
12380, 5.793449319302839e-06
12398, 5.662446511545484e-06
12415, 5.548395216039718e-06
12431, 5.449409296433412e-06
12447, 5.352108828754592e-06
12464, 5.2441495268658225e-06
12480, 5.1505915239968326e-06
12497, 5.046697086731225e-06
12514, 4.944972934764684e-06
12530, 4.856752349567168e-06
12547, 4.758785056347498e-06
12564, 4.662864229439808e-06
12581, 4.568876826339574e-06
12598, 4.476783872937752e-06
12615, 4.386547207194449e-06
12631, 4.3082892013856744e-06
12648, 4.221385151840414e-06
12664, 4.146073725217941e-06
12681, 4.062441780689561e-06
12698, 3.980556854797859e-06
12715, 3.900322429314994e-06
12732, 3.821705261426218e-06
12749, 3.7446727369231025e-06
12766, 3.669192937043192e-06
12783, 3.5952345519767116e-06
12800, 3.522766909688277e-06
12816, 3.4599191319460364e-06
12832, 3.3981414680700625e-06
12849, 3.3295963508446853e-06
12865, 3.270194837945619e-06
12881, 3.2118047455351233e-06
12897, 3.1544572396663786e-06
12914, 3.0908275479417984e-06
12930, 3.0356857878407253e-06
12948, 2.9669972928434814e-06
12964, 2.914108870112657e-06
12981, 2.8553273254827943e-06
12998, 2.7977736890748924e-06
13014, 2.7484847206769543e-06
13031, 2.692419331827464e-06
13048, 2.638149528055792e-06
13065, 2.5849734557188055e-06
13082, 2.5328692140580347e-06
13099, 2.4818152320290933e-06
13115, 2.437538508172753e-06
13131, 2.3940156860979215e-06
13148, 2.34572514619025e-06
13164, 2.3038763494920945e-06
13181, 2.257404022802939e-06
13198, 2.211902486493085e-06
13214, 2.1724411385566926e-06
13231, 2.1286200422530226e-06
13248, 2.085714340270917e-06
13265, 2.043673465756402e-06
13282, 2.0024799972217626e-06
13298, 1.9667548353090956e-06
13316, 1.922253053206641e-06
13333, 1.8835356146434141e-06
13350, 1.8455699579673181e-06
13366, 1.8126441432061557e-06
13382, 1.7802789605264647e-06
13398, 1.7484916694702257e-06
13415, 1.7132222255611778e-06
13432, 1.6786895244340909e-06
13448, 1.648740940926723e-06
13464, 1.6193022858225622e-06
13481, 1.5866387617970841e-06
13497, 1.558332409960663e-06
13513, 1.5305080150751506e-06
13529, 1.5031804346780677e-06
13546, 1.4728592417292462e-06
13562, 1.4465827725450628e-06
13579, 1.4174032222626317e-06
13595, 1.3921161155320859e-06
13611, 1.3672595674686114e-06
13627, 1.3428468338067021e-06
13643, 1.3188699899005693e-06
13659, 1.2953212574021236e-06
13675, 1.2721929916146395e-06
13692, 1.2465311412898882e-06
13708, 1.2242924520557013e-06
13724, 1.2024324196299531e-06
13740, 1.1809627109197222e-06
13756, 1.1598763504815112e-06
13773, 1.1364800637560896e-06
13790, 1.1135725139060008e-06
13806, 1.093705867456037e-06
13823, 1.0716443354397664e-06
13840, 1.0500436591168048e-06
13856, 1.0313104063745536e-06
13872, 1.0128961161763353e-06
13889, 9.92464628045778e-07
13906, 9.72459933934529e-07
13922, 9.551108083640814e-07
13939, 9.358449223041704e-07
13956, 9.169814923021487e-07
13972, 9.006221177660987e-07
13989, 8.824553404883208e-07
14006, 8.648773680392765e-07
14022, 8.492381859395418e-07
14038, 8.340748960165169e-07
14054, 8.191822983134815e-07
14071, 8.026582881161959e-07
14088, 7.864794324890719e-07
14104, 7.724482826798323e-07
14121, 7.568669518837462e-07
14137, 7.433641106841233e-07
14153, 7.300911729664957e-07
14169, 7.170552309297957e-07
14186, 7.025912608216169e-07
14202, 6.900567179045328e-07
14219, 6.761373366179219e-07
14236, 6.625087155350963e-07
14252, 6.506892627639218e-07
14268, 6.390710456197336e-07
14285, 6.261801115871931e-07
14301, 6.150087764679165e-07
14318, 6.026032117812531e-07
14334, 5.918525065862085e-07
14350, 5.81284833597401e-07
14367, 5.695595279096939e-07
14384, 5.580791529077586e-07
14401, 5.468301896581855e-07
14417, 5.370744805517062e-07
14434, 5.262409513533246e-07
14450, 5.168525731906694e-07
14467, 5.064269550619762e-07
14483, 4.973920649184121e-07
14500, 4.873589977803771e-07
14517, 4.775355095787388e-07
14533, 4.6901606340792605e-07
14549, 4.6064166822567916e-07
14566, 4.513499046878161e-07
14582, 4.432976130642223e-07
14598, 4.3538242862466524e-07
14615, 4.266001794029864e-07
14631, 4.189894395010544e-07
14648, 4.105378463361605e-07
14665, 4.02262813640275e-07
14682, 3.9415456547388514e-07
14698, 3.8712265990815643e-07
14715, 3.793138601977964e-07
14731, 3.725467311875074e-07
14747, 3.658948135579572e-07
14764, 3.5851421204886007e-07
14780, 3.521181510019508e-07
14797, 3.4501544232670965e-07
14813, 3.3886021596987945e-07
14830, 3.320249439408832e-07
14846, 3.2610146803275076e-07
14862, 3.202788463490347e-07
14879, 3.138183916702711e-07
14895, 3.0821972719190575e-07
14912, 3.0200251766222857e-07
14928, 2.9661466541635586e-07
14945, 2.90631538368301e-07
14962, 2.8477339919835613e-07
14978, 2.796929138645293e-07
14994, 2.746989256139816e-07
15010, 2.6985543047343975e-07
15027, 2.643507406231441e-07
15043, 2.5963461790138946e-07
15060, 2.5439743189558715e-07
15076, 2.4985885462119847e-07
15093, 2.4481885707724536e-07
15110, 2.3988414658438874e-07
15127, 2.350488974299408e-07
15143, 2.308555136912299e-07
15160, 2.2619884992347935e-07
15177, 2.2163944766165295e-07
15193, 2.1768529972866558e-07
15210, 2.132942834862107e-07
15227, 2.0899499211988054e-07
15243, 2.0526643350162029e-07
15260, 2.0112592673375414e-07
15277, 1.9707191151282366e-07
15293, 1.9355606132613683e-07
15310, 1.8965177076581543e-07
15326, 1.8626828985541905e-07
15343, 1.8251100935492702e-07
15361, 1.7838401999948335e-07
15378, 1.7479106731359227e-07
15395, 1.7126786916437717e-07
15412, 1.6781568452895497e-07
15429, 1.6443309177169152e-07
15445, 1.614995360310888e-07
15461, 1.5861591504594416e-07
15477, 1.5578378180245648e-07
15494, 1.526414071399592e-07
15511, 1.495646709735539e-07
15528, 1.4654995553997008e-07
15545, 1.43596016451091e-07
15562, 1.4070161131735622e-07
15579, 1.3786555282006574e-07
15595, 1.354059705482058e-07
15611, 1.329882643763343e-07
15628, 1.3030570845635001e-07
15645, 1.2767919291834997e-07
15662, 1.2510561788551296e-07
15679, 1.2258391279440838e-07
15695, 1.2039695098786715e-07
15712, 1.1796836808237162e-07
15729, 1.1559052761785152e-07
15745, 1.1352834214035293e-07
15761, 1.1150126534179412e-07
15778, 1.0925212776583781e-07
15795, 1.070499860837184e-07
15811, 1.051401712453553e-07
15828, 1.0301935246974598e-07
15845, 1.0094282647986317e-07
15862, 9.890816706665039e-08
15878, 9.714359268781266e-08
15895, 9.518408046227817e-08
15912, 9.326549720926446e-08
15929, 9.138557721602647e-08
15945, 8.975522381388361e-08
15962, 8.79447486939761e-08
15979, 8.617207814540472e-08
15996, 8.443514731316652e-08
16012, 8.294763210161847e-08
16029, 8.125560362892785e-08
16045, 7.980596152893226e-08
16062, 7.819616448452334e-08
16078, 7.680111731486178e-08
16095, 7.525192420226334e-08
16112, 7.373511959737254e-08
16128, 7.241965598088299e-08
16145, 7.095885625496421e-08
16161, 6.969292064972989e-08
16178, 6.828712611582977e-08
16195, 6.691069478002565e-08
16211, 6.571697163302655e-08
16227, 6.454358002966244e-08
16244, 6.324165542679311e-08
16261, 6.1966923433429e-08
16277, 6.08613997612474e-08
16294, 5.963374786396978e-08
16310, 5.856986399609231e-08
16327, 5.73884256182079e-08
16344, 5.6231674003549504e-08
16360, 5.5228477044714955e-08
16376, 5.424236481151407e-08
16392, 5.327386088310002e-08
16409, 5.2199259110008976e-08
16425, 5.126800249149288e-08
16441, 5.0352599450801306e-08
16457, 4.9453537808620614e-08
16474, 4.8456001642284653e-08
16490, 4.759153450402285e-08
16506, 4.6741773921270336e-08
16522, 4.59071866723861e-08
16539, 4.498116678093715e-08
16556, 4.407450270819468e-08
16574, 4.30778828938232e-08
16591, 4.221022761704695e-08
16607, 4.145718738511882e-08
16624, 4.062093967489351e-08
16641, 3.980216006205538e-08
16657, 3.9092071003005686e-08
16674, 3.830352810421674e-08
16691, 3.753145740859302e-08
16708, 3.6774945757170814e-08
16724, 3.611887122222989e-08
16741, 3.539029844936543e-08
16757, 3.4758919535630235e-08
16774, 3.405778523533537e-08
16791, 3.337129475755484e-08
16808, 3.2698649902432036e-08
16825, 3.203955739572377e-08
16842, 3.1393756926008716e-08
16859, 3.076096605950008e-08
16875, 3.0212175459388086e-08
16891, 2.9672735044002417e-08
16908, 2.9074205251022802e-08
16924, 2.8555511156606513e-08
16940, 2.8045640440115907e-08
16957, 2.7479915675207885e-08
16975, 2.6858536563745402e-08
16992, 2.631755687653068e-08
17009, 2.579333019908413e-08
17025, 2.5326924137746147e-08
17041, 2.4874700235687314e-08
17057, 2.443055196412184e-08
17074, 2.3937752006160467e-08
17091, 2.3455256728784365e-08
17107, 2.3036807674654272e-08
17124, 2.2572110791519292e-08
17140, 2.2169413117201925e-08
17157, 2.1722224238661657e-08
17174, 2.1284383287327506e-08
17191, 2.0855365921246038e-08
17207, 2.048328947997079e-08
17223, 2.0117549648752113e-08
17240, 1.9711757609693306e-08
17256, 1.9360089171162014e-08
17272, 1.9014401515864922e-08
17289, 1.8630854927687917e-08
17305, 1.8298467181327486e-08
17321, 1.7971743988988874e-08
17338, 1.7609231090065715e-08
17354, 1.729507934066722e-08
17370, 1.698626817897397e-08
17386, 1.6682982514152902e-08
17402, 1.6385104422165655e-08
17419, 1.6054603236587906e-08
17436, 1.5730999253785725e-08
17453, 1.541390305182966e-08
17470, 1.510321606390387e-08
17487, 1.4798786168030322e-08
17503, 1.4534778406872631e-08
17520, 1.4241589100321293e-08
17536, 1.3987508020821252e-08
17553, 1.370536242897499e-08
17570, 1.342911295265357e-08
17587, 1.3158433326566044e-08
17603, 1.2923683817089522e-08
17619, 1.2692920288492703e-08
17635, 1.246629253909946e-08
17652, 1.2214826836301842e-08
17669, 1.1968612969842906e-08
17685, 1.1755098465311701e-08
17702, 1.151798632005726e-08
17719, 1.1285816740688872e-08
17735, 1.1084469264253952e-08
17752, 1.0860874759467227e-08
17768, 1.0667120597449234e-08
17784, 1.0476649364099423e-08
17801, 1.0265321203465128e-08
17818, 1.0058407508252495e-08
17835, 9.855656827782908e-09
17852, 9.656998940432796e-09
17869, 9.4623508675209e-09
17885, 9.293535939210526e-09
17901, 9.127593690935666e-09
17917, 8.964615901133341e-09
17933, 8.804556611400777e-09
17949, 8.647353428284207e-09
17966, 8.472925226826318e-09
17982, 8.32176410202987e-09
17998, 8.173183352000155e-09
18015, 8.010252063694976e-09
18032, 7.846860979544865e-09
18048, 7.706879560526859e-09
18064, 7.569279920855524e-09
18080, 7.434126786442862e-09
18096, 7.301389722755021e-09
18113, 7.154115645051141e-09
18129, 7.0264800631707654e-09
18145, 6.9010269562972015e-09
18162, 6.761814993977518e-09
18178, 6.641179256972288e-09
18195, 6.507211920915772e-09
18212, 6.376048370621691e-09
18228, 6.262298588517736e-09
18244, 6.1504803665408906e-09
18260, 6.04067221072648e-09
18277, 5.918831449176533e-09
18293, 5.813239546836632e-09
18310, 5.6959687254470156e-09
18326, 5.594340753221067e-09
18342, 5.4944535316014916e-09
18358, 5.396347850611518e-09
18374, 5.299990054323262e-09
18390, 5.205351364364149e-09
18406, 5.1124068154437395e-09
18423, 5.009282182879077e-09
18441, 4.896009046076178e-09
18458, 4.7973894157403255e-09
18475, 4.700692040331055e-09
18492, 4.605950001964508e-09
18509, 4.513108663838826e-09
18525, 4.432590058257865e-09
18542, 4.343170269322027e-09
18559, 4.2556326763804744e-09
18576, 4.169850402290934e-09
18592, 4.095450938297127e-09
18609, 4.0128372027369135e-09
18626, 3.931949009851445e-09
18643, 3.852700840115427e-09
18660, 3.775052546587854e-09
18677, 3.6989524659183922e-09
18693, 3.6329643055113505e-09
18710, 3.5596752434534085e-09
18726, 3.496162906812284e-09
18742, 3.433737597484709e-09
18759, 3.364470238161426e-09
18776, 3.296648815478012e-09
18793, 3.2302034342206436e-09
18810, 3.165084540227764e-09
18826, 3.1086229429436474e-09
18843, 3.045919314665475e-09
18859, 2.9915785789537174e-09
18876, 2.9312327235615677e-09
18892, 2.878951117627116e-09
18909, 2.820883069124176e-09
18925, 2.7705691255764762e-09
18942, 2.714688207720081e-09
18958, 2.6662623821179903e-09
18975, 2.612480031212772e-09
18992, 2.5598172923690507e-09
19008, 2.5147318122872897e-09
19024, 2.4692636391134492e-09
19040, 2.425183015773318e-09
19058, 2.3703117984935267e-09
19075, 2.3225754407020518e-09
19091, 2.2811374320758364e-09
19108, 2.235131139610111e-09
19125, 2.190081710687258e-09
19142, 2.145935877931241e-09
19158, 2.107650293559446e-09
19175, 2.065132873365904e-09
19192, 2.023511115176228e-09
19209, 1.982727516451818e-09
19225, 1.9473550058308427e-09
19242, 1.908077144026456e-09
19259, 1.869615197976066e-09
19276, 1.8319291597189659e-09
19293, 1.7950136499076295e-09
19309, 1.7629886317670077e-09
19326, 1.727430803278848e-09
19342, 1.6966218431792966e-09
19360, 1.6582321072823656e-09
19377, 1.6248394724527337e-09
19393, 1.5958502688154924e-09
19410, 1.5636682367483723e-09
19426, 1.5357780695805615e-09
19442, 1.5083445920061834e-09
19458, 1.481420958184561e-09
19475, 1.4515392347116497e-09
19492, 1.4222821405680266e-09
19508, 1.3969047686756147e-09
19524, 1.3719614124273023e-09
19541, 1.344287044318434e-09
19557, 1.3203099385021834e-09
19573, 1.296739085990019e-09
19589, 1.2735919082139214e-09
19606, 1.2479050965742422e-09
19622, 1.2256515707635673e-09
19639, 1.2009317704783438e-09
19655, 1.1795071889841607e-09
19671, 1.158445816105571e-09
19688, 1.1350858017186902e-09
19704, 1.1148367699185431e-09
19721, 1.0923525171759714e-09
19738, 1.0703276676318217e-09
19755, 1.0487552382274548e-09
19771, 1.0300542641802095e-09
19787, 1.0116640495499356e-09
19804, 9.912614318568765e-10
19821, 9.712772219696748e-10
19838, 9.517026263695354e-10
19855, 9.32522867702917e-10
19872, 9.137178481213179e-10
19889, 8.953059088815149e-10
19905, 8.793302430061631e-10
19921, 8.636374844827265e-10
19937, 8.482257845974916e-10
19954, 8.311221288158579e-10
19971, 8.143749942337975e-10
19987, 7.998476843091745e-10
20004, 7.839094421532926e-10
20021, 7.679215570265397e-10
20038, 7.524389639361614e-10
20055, 7.372604950184562e-10
20072, 7.223976905634254e-10
20089, 7.078418397872157e-10
20105, 6.952199872743317e-10
20122, 6.811875745954102e-10
20139, 6.674558777857424e-10
20155, 6.55546720839308e-10
20172, 6.423222834564972e-10
20188, 6.308559021722914e-10
20205, 6.181323884529868e-10
20222, 6.056677927305203e-10
20238, 5.948574781299814e-10
20255, 5.828474352731472e-10
20272, 5.711081502290234e-10
20288, 5.609225489388344e-10
20305, 5.496003484086725e-10
20321, 5.397956285446273e-10
20337, 5.30158523534756e-10
20353, 5.206951630832022e-10
20369, 5.114021740203388e-10
20386, 5.010870574364959e-10
20402, 4.921538769188875e-10
20419, 4.822255268239463e-10
20435, 4.736128860149929e-10
20451, 4.651468340466561e-10
20467, 4.5685183230331245e-10
20484, 4.4763723447258784e-10
20501, 4.3861430640573187e-10
20517, 4.3078551885314946e-10
20534, 4.2210321467111053e-10
20551, 4.136001947875678e-10
20568, 4.052561979865211e-10
20585, 3.970888765226919e-10
20602, 3.8909199198370466e-10
20619, 3.812482681752167e-10
20635, 3.7444454830655486e-10
20651, 3.6776352291327474e-10
20667, 3.611869270883382e-10
20684, 3.5389217964201225e-10
20701, 3.4675634367810526e-10
20718, 3.397654796428315e-10
20734, 3.3370001457386365e-10
20750, 3.2773770939990175e-10
20767, 3.2113448376704705e-10
20784, 3.146633655172054e-10
20801, 3.0832013211427885e-10
20817, 3.0283156606678854e-10
20833, 2.9742599656355393e-10
20849, 2.9212031960697754e-10
20865, 2.8690825191411817e-10
20882, 2.811119224948858e-10
20899, 2.754541468904262e-10
20916, 2.698979705180566e-10
20932, 2.6507640323340287e-10
20948, 2.6033888934785284e-10
20965, 2.5508325057245217e-10
20982, 2.499367052072967e-10
20999, 2.449011497418786e-10
21016, 2.4002570984593297e-10
21033, 2.3512472731945964e-10
21049, 2.3092220991030117e-10
21065, 2.2679878025043488e-10
21081, 2.2275493209692756e-10
21098, 2.1825547618658812e-10
21115, 2.1385358126173358e-10
21132, 2.0954249124541702e-10
21149, 2.0531361887418856e-10
21165, 2.016418853347993e-10
21181, 1.98035578238686e-10
21197, 1.9449751909078702e-10
21214, 1.9057003724287487e-10
21231, 1.8672496044526499e-10
21247, 1.8339139531021412e-10
21264, 1.7969725354860063e-10
21281, 1.7606502793476998e-10
21297, 1.7292744265010702e-10
21313, 1.6983529462358684e-10
21330, 1.6640855840961473e-10
21347, 1.6304642847940935e-10
21363, 1.601418423942424e-10
21379, 1.572798877390221e-10
21396, 1.5410310324271535e-10
21412, 1.5135748611962644e-10
21429, 1.4830013169847322e-10
21445, 1.4564202114519966e-10
21462, 1.427133337168276e-10
21479, 1.3983404136256076e-10
21495, 1.3733225572864587e-10
21512, 1.3456549933633838e-10
21529, 1.3186011692900126e-10
21545, 1.295145857911747e-10
21561, 1.2720114388434417e-10
21578, 1.2462709499687961e-10
21595, 1.2210925565277288e-10
21611, 1.1992274173006933e-10
21629, 1.1720250579705584e-10
21645, 1.1511745166541664e-10
21662, 1.1280257023930633e-10
21679, 1.1053465614296331e-10
21695, 1.0856694357086828e-10
21712, 1.0638263966823551e-10
21728, 1.0449161169886443e-10
21744, 1.0262421965543463e-10
21760, 1.0078240745650101e-10
21777, 9.874338150471474e-11
21794, 9.675734503782897e-11
21810, 9.50366426410589e-11
21826, 9.333098307770566e-11
21842, 9.167181731189396e-11
21858, 9.002881570723462e-11
21875, 8.821463569658932e-11
21892, 8.642962161729801e-11
21909, 8.469066076628995e-11
21925, 8.317402699223082e-11
21942, 8.148757274452772e-11
21958, 8.003393736760777e-11
21975, 7.842140592012671e-11
21992, 7.684433821358059e-11
22009, 7.530778414575107e-11
22026, 7.378095003514372e-11
22043, 7.229731795209176e-11
22060, 7.084516069908878e-11
22077, 6.941252303056719e-11
22095, 6.783706529685659e-11
22112, 6.646842363393574e-11
22129, 6.512998224527489e-11
22146, 6.382581936970315e-11
22163, 6.253539125471853e-11
22179, 6.141346955374965e-11
22196, 6.017674072034446e-11
22213, 5.896601472675014e-11
22229, 5.792108093095787e-11
22245, 5.6886628003830624e-11
22261, 5.587773667597946e-11
22277, 5.4888907106443204e-11
22294, 5.3788277194871186e-11
22311, 5.270523925083476e-11
22328, 5.163958679434515e-11
22344, 5.072841694176286e-11
22361, 4.9713035732444744e-11
22378, 4.870379849300963e-11
22395, 4.771773500451827e-11
22412, 4.674855830398072e-11
22429, 4.579945008635139e-11
22446, 4.4867216107228836e-11
22462, 4.407244458504472e-11
22479, 4.317636686926228e-11
22496, 4.230694309935677e-11
22513, 4.145140307153694e-11
22529, 4.070737880376678e-11
22545, 3.998590049025143e-11
22562, 3.916926069193442e-11
22579, 3.838237842344799e-11
22596, 3.760349838980792e-11
22613, 3.685355839070814e-11
22629, 3.6197394767446026e-11
22645, 3.555528592700478e-11
22661, 3.492445851174631e-11
22678, 3.4224756600401776e-11
22695, 3.3531146671242755e-11
22712, 3.285491120913017e-11
22729, 3.2192659038795996e-11
22746, 3.1533118343827215e-11
22762, 3.09740474431151e-11
22779, 3.0348403185338533e-11
22796, 2.972858317886593e-11
22812, 2.920371739116817e-11
22828, 2.868652368595068e-11
22844, 2.8163042260817315e-11
22861, 2.759751021717141e-11
22878, 2.704340095630369e-11
22894, 2.655176698934391e-11
22911, 2.6005639981613148e-11
22927, 2.555192978173278e-11
22943, 2.509695442555469e-11
22960, 2.4584912810652454e-11
22977, 2.4081783576276775e-11
22994, 2.3593260849729088e-11
23011, 2.3132912424024682e-11
23028, 2.2661089793556756e-11
23044, 2.226370624902482e-11
23060, 2.1871614122043112e-11
23077, 2.1436416439282218e-11
23094, 2.1010060551523074e-11
23110, 2.0632158983975828e-11
23126, 2.0265761047591404e-11
23143, 1.984740198084393e-11
23160, 1.9444085769635818e-11
23177, 1.9054833225996018e-11
23193, 1.8705268706278596e-11
23209, 1.837596890931332e-11
23226, 1.800597831457576e-11
23242, 1.7685191441514452e-11
23259, 1.7332583690335553e-11
23276, 1.69801086677459e-11
23292, 1.6670487306479757e-11
23308, 1.6381019462623747e-11
23324, 1.6082237323760947e-11
23341, 1.5758243528005605e-11
23357, 1.5482860368618552e-11
23374, 1.5169938373284293e-11
23390, 1.4894375762741396e-11
23406, 1.4624431539720017e-11
23423, 1.433468343768207e-11
23439, 1.4075918287733226e-11
23456, 1.3794508618984697e-11
23473, 1.3518875425353112e-11
23490, 1.3251705551208589e-11
23506, 1.3013156808736966e-11
23523, 1.2751384185466773e-11
23539, 1.253310214111914e-11
23556, 1.2273949658649423e-11
23573, 1.2029726614926926e-11
23590, 1.1776381624557137e-11
23607, 1.1529305614187985e-11
23624, 1.129064737250007e-11
23641, 1.1057547848958628e-11
23658, 1.0830225723106546e-11
23674, 1.0631396020979717e-11
23691, 1.0427008423732789e-11
23707, 1.0239321825206837e-11
23724, 1.0034652215509133e-11
23741, 9.83579450491994e-12
23758, 9.639697507729093e-12
23775, 9.44931805362255e-12
23792, 9.25297962177452e-12
23808, 9.091376516509018e-12
23825, 8.90354030478343e-12
23841, 8.744571323055744e-12
23858, 8.579848271279697e-12
23874, 8.423343157928372e-12
23891, 8.243977832661164e-12
23907, 8.087831380302358e-12
23924, 7.925895459215304e-12
23940, 7.775256752028316e-12
23956, 7.639170770850403e-12
23972, 7.49677342386413e-12
23989, 7.343243677295998e-12
24006, 7.206038437812177e-12
24023, 7.0563316898755055e-12
24040, 6.905501871810027e-12
24057, 6.772376627962493e-12
24073, 6.658754782845094e-12
24089, 6.542159390907281e-12
24105, 6.428428608724456e-12
24121, 6.3118338451963885e-12
24137, 6.192396826850387e-12
24154, 6.06747619998318e-12
24170, 5.9567330582181015e-12
24187, 5.840186131099047e-12
24204, 5.723625274118411e-12
24221, 5.60979770239717e-12
24238, 5.493206762487186e-12
24254, 5.402748936597145e-12
24271, 5.288722941708243e-12
24288, 5.1806161190098056e-12
24304, 5.089955639580003e-12
24321, 4.984564310070844e-12
24337, 4.9023605537467764e-12
24354, 4.811482092495141e-12
24371, 4.708851162070477e-12
24388, 4.618144602157086e-12
24404, 4.541527228936437e-12
24420, 4.461923357301366e-12
24437, 4.379538831004332e-12
24454, 4.279551639274424e-12
24470, 4.197322466588786e-12
24486, 4.1206630643212745e-12
24503, 4.0355068270028044e-12
24520, 3.9502028987575585e-12
24537, 3.876451988434977e-12
24553, 3.805245069731868e-12
24570, 3.72558301958749e-12
24587, 3.64888746977395e-12
24604, 3.5721137620394898e-12
24621, 3.4953846160099594e-12
24637, 3.4389400788387073e-12
24653, 3.373224741279553e-12
24670, 3.299244415548585e-12
24687, 3.228150861157044e-12
24704, 3.1630805797109364e-12
24721, 3.097618616723417e-12
24737, 3.049576517769072e-12
24754, 2.9838547302162433e-12
24770, 2.932979869753092e-12
24787, 2.8672548582186896e-12
24804, 2.8164563260729407e-12
24821, 2.750697959526549e-12
24837, 2.7083925867601114e-12
24853, 2.665811907577746e-12
24870, 2.620447260640321e-12
24886, 2.5805441133318805e-12
24903, 2.5176573652882975e-12
24920, 2.463849200420674e-12
24936, 2.4271271757135854e-12
24953, 2.3845141274927753e-12
24970, 2.3448214186052316e-12
24986, 2.3077733928460218e-12
25003, 2.2684014242298548e-12
