0, 53.61427048836905
17, 23.585845589905155
34, 23.120481992089292
51, 22.533833081248545
68, 21.98976540783774
85, 21.469787266604314
102, 20.96063931156571
119, 20.468204936154766
136, 19.981745742926172
153, 19.51197049727799
170, 19.048348340878267
186, 18.650788540232522
202, 18.153146545795455
218, 17.637314470304737
235, 17.053218011814593
252, 16.543726017510075
268, 16.148742587558537
284, 15.707045581489734
300, 15.25536982581787
317, 14.746573416919091
334, 14.302240332796178
350, 13.95820497279462
367, 13.526760626774259
383, 13.194135162368381
399, 12.830157096316361
415, 12.45960137088332
432, 12.042944136049112
449, 11.678900397119614
466, 11.361280875700235
483, 11.07629483994215
500, 10.810242403852302
516, 10.583735275353385
533, 10.26518106618178
550, 9.987693991000176
567, 9.738103554047372
584, 9.504585374178514
600, 9.305480956239625
616, 9.057088145388663
632, 8.799676139370842
648, 8.541348321661362
664, 8.285580982427032
680, 8.034148181091883
696, 7.788030861400042
712, 7.547785239307018
729, 7.283629403302376
746, 7.050088552603634
763, 6.846772905643433
780, 6.667808549726395
797, 6.504370516407653
815, 6.331349622001516
832, 6.137484492114616
849, 5.9688623517039545
866, 5.81815953725932
882, 5.693736568837902
898, 5.541360870961754
915, 5.363492940734208
932, 5.208863209617036
949, 5.072743194474295
965, 4.962395142963172
982, 4.812279302107205
998, 4.696343963904953
1015, 4.551971976284738
1031, 4.439137409847312
1047, 4.3166909329435965
1063, 4.192024450174034
1081, 4.034976301243427
1097, 3.9440291333509734
1114, 3.8239219201813293
1130, 3.7312236436289683
1147, 3.6156365768792447
1163, 3.526533823305716
1180, 3.4167398606243617
1196, 3.332120135106815
1213, 3.2282140539395425
1229, 3.148136235112554
1246, 3.0499165639176993
1263, 2.964572940994179
1279, 2.8973255765747807
1295, 2.8190207801284246
1311, 2.7384308420785732
1328, 2.6474196886903534
1345, 2.567987629469852
1362, 2.498615942340345
1378, 2.443224444600166
1394, 2.3774755566398094
1411, 2.3009625641092692
1428, 2.234434780717506
1445, 2.175912444294227
1461, 2.1285226180478727
1478, 2.0641213810427907
1494, 2.0143849046629523
1511, 1.9520908497573242
1527, 1.9040659767467514
1544, 1.8448172447515565
1561, 1.7933320617792816
1578, 1.7475737125784239
1594, 1.7100156722551352
1611, 1.6583788414508462
1628, 1.613414369929656
1644, 1.577566009603753
1660, 1.535095828024425
1676, 1.4912923150195658
1693, 1.4417840934748778
1710, 1.3985825187394116
1726, 1.3651057904651935
1743, 1.32296840366889
1760, 1.2863401961068794
1776, 1.2573721213290614
1793, 1.2191065053377281
1810, 1.1858104856970901
1826, 1.159342442034487
1842, 1.1281058751840793
1859, 1.0917796385317646
1875, 1.0637688406222594
1892, 1.0301817646864284
1909, 1.000999849194479
1926, 0.9751862245102675
1943, 0.9514507573423495
1960, 0.9288832711945434
1976, 0.909506216259127
1993, 0.8821452438628795
2010, 0.8584506115760004
2026, 0.839277150620429
2043, 0.8138147971299032
2060, 0.7916527884818604
2076, 0.7740151421274556
2092, 0.7531675241989907
2109, 0.7289185708717918
2126, 0.7078335850267264
2143, 0.689287900284627
2160, 0.6723707708300674
2177, 0.6563699813822303
2194, 0.640839128858761
2211, 0.6257946505705616
2228, 0.6109180876309777
2245, 0.5965541286206841
2262, 0.5823798337290027
2279, 0.5686891551456804
2296, 0.5551761910115736
2313, 0.5421247809056062
2329, 0.5306886931568837
2346, 0.5147035980406882
2363, 0.500780387551509
2380, 0.4882605624231287
2397, 0.4765499117754878
2414, 0.46530877252196146
2431, 0.45426493714432914
2447, 0.4447873936018075
2464, 0.4314065021811431
2480, 0.42106610032934033
2497, 0.40806394629670734
2514, 0.396761957358408
2530, 0.3878247628420091
2547, 0.37602152323982196
2563, 0.36691130271111083
2579, 0.35683453616030414
2596, 0.34523482114505677
2613, 0.33514051122661725
2629, 0.3272827798889367
2646, 0.3172343737622361
2663, 0.30849694326179133
2680, 0.30069524053644586
2696, 0.2942599522741199
2713, 0.28537946672994463
2730, 0.277646020991762
2746, 0.27147908383329844
2762, 0.2641709355027332
2778, 0.25663310548120255
2795, 0.2481134885041602
2812, 0.24067917016700643
2830, 0.23341096685450805
2848, 0.22883474471655302
2864, 0.22234045876225647
2880, 0.21582679936839042
2896, 0.20937257162666323
2913, 0.2022096880187771
2930, 0.19591947990717629
2947, 0.19044423076713807
2963, 0.18612810325013604
2979, 0.18109859464930064
2995, 0.17592180630222498
3012, 0.1701097592566458
3028, 0.16555037932095315
3045, 0.1602458396544366
3062, 0.15563478125493915
3079, 0.15157370059236663
3096, 0.14786180995058262
3112, 0.1447408139693026
3128, 0.14087375702197688
3145, 0.13635551158819004
3162, 0.13242774968622284
3179, 0.12896940170309393
3195, 0.12616490766624375
3211, 0.12278037742516398
3227, 0.1192827208326235
3243, 0.11577627887315213
3259, 0.1123063694830417
3275, 0.1088962670568606
3291, 0.10555887525419268
3308, 0.10188286637822473
3324, 0.0990068115696434
3340, 0.09610892361812691
3356, 0.0932364800392013
3373, 0.09004802913087695
3390, 0.08724832720531879
3406, 0.08508682323220866
3423, 0.08243327097946201
3439, 0.08038825082597784
3456, 0.07788010784492344
3472, 0.07594717537114115
3488, 0.07384587414731264
3504, 0.07170980607063458
3521, 0.06930950875494192
3537, 0.06744981207254251
3553, 0.06552594684876452
3570, 0.06335113440264038
3587, 0.06145343779261491
3604, 0.05979570112100095
3620, 0.05847124680146822
3636, 0.05689798084754556
3652, 0.05527483310527712
3668, 0.0536486310361216
3684, 0.05203987321833882
3700, 0.05045912774327046
3716, 0.04891226302512646
3733, 0.047208579841095916
3749, 0.045875558089248
3765, 0.04453259109229497
3781, 0.04320149608182392
3797, 0.0418921549668124
3813, 0.04061000057448968
3830, 0.039197223577603024
3846, 0.03809223504255249
3863, 0.036835312497256155
3880, 0.0357395309464923
3897, 0.034781259133000605
3914, 0.03391635169423142
3930, 0.0331959171417932
3946, 0.03230831623404334
3963, 0.03127170748684687
3979, 0.030472558053352163
3996, 0.029511863475718107
4013, 0.02868209558165491
4029, 0.028021618194839684
4045, 0.027263292621422734
4061, 0.026483394861960385
4078, 0.025602891781330354
4096, 0.024742252445366646
4113, 0.02409284706399269
4130, 0.023500732936418134
4147, 0.02294116326249856
4164, 0.02240140874088395
4181, 0.021869262949320727
4197, 0.02141286473523487
4214, 0.020768664092216265
4231, 0.02020748457661291
4247, 0.01975944167497817
4264, 0.019159824959818165
4280, 0.018696886519281336
4297, 0.01811824028446025
4314, 0.017615312777004413
4331, 0.017167501166604784
4347, 0.01679919512743268
4364, 0.016292040356180464
4381, 0.015850407291769276
4397, 0.015498277909465905
4413, 0.015081054013804671
4429, 0.01465072562336534
4445, 0.014219634642811492
4461, 0.013793191190446337
4477, 0.013374186328135394
4494, 0.012911489604591268
4510, 0.012550195693272322
4526, 0.012184630026958103
4542, 0.011821582779683544
4558, 0.0114640773514186
4574, 0.011113757525313659
4590, 0.010771553048674946
4606, 0.010437984977033665
4622, 0.01011332401444913
4639, 0.009757092185066943
4655, 0.009477330781665762
4672, 0.00916152453080489
4689, 0.008885773714274792
4706, 0.008645054082348131
4722, 0.008453071080495369
4739, 0.008196483997322365
4756, 0.007973167484010257
4773, 0.007772939507054411
4789, 0.007607117984655239
4806, 0.007377641471065473
4823, 0.007177796046939026
4839, 0.007018405634254157
4856, 0.006805368904919858
4872, 0.006640896738770257
4888, 0.006458642395287506
4905, 0.006248765937273119
4921, 0.006086817802670792
4937, 0.005915760849896808
4953, 0.005743197805391932
4969, 0.005571921098126365
4985, 0.005403311978957578
5002, 0.0052179986371641215
5019, 0.005052794413023604
5036, 0.004910062773089258
5052, 0.004797936878039587
5068, 0.0046680871052663464
5085, 0.004517446463040137
5101, 0.004401272201018733
5117, 0.004277957088912303
5134, 0.004137408200436589
5151, 0.004014950964654044
5168, 0.003907765966198574
5185, 0.003810839960221822
5201, 0.003729980173075634
5218, 0.003617540963537572
5234, 0.0035306705066673145
5250, 0.003433948114564451
5267, 0.003322462560374689
5284, 0.0032254574831066894
5301, 0.003140318221769233
5317, 0.0030716323681372207
5334, 0.002978633655917802
5350, 0.0029068166589588393
5367, 0.0028169086415715133
5384, 0.002738763351490804
5401, 0.0026691674637662525
5417, 0.002611914971887752
5434, 0.0025330653732937507
5450, 0.0024721559170357565
5466, 0.0024044063728656077
5482, 0.0023351969385508892
5498, 0.002266127020534523
5515, 0.0021891788274198657
5532, 0.0021217304721499776
5549, 0.002062990261486045
5565, 0.0020165337418691334
5581, 0.001962111672849659
5598, 0.0018988794125442267
5614, 0.001850119128241933
5630, 0.0017983119275298463
5647, 0.0017392483600868743
5663, 0.0016936203645629999
5679, 0.0016457881271908941
5696, 0.0015914751286092259
5713, 0.0015441242608321307
5730, 0.0015027165509595834
5746, 0.0014695496360495415
5762, 0.0014300328872812152
5779, 0.001384027471573983
5796, 0.0013440268868474938
5813, 0.001308836250794272
5829, 0.0012803354832518587
5846, 0.0012415982616330453
5862, 0.0012116817840917545
5879, 0.0011742112594963184
5896, 0.00114164274765694
5913, 0.0011126355212083244
5929, 0.0010887713465718987
5945, 0.0010596219573822318
5961, 0.0010294646113309458
5978, 0.0009953404017335025
5995, 0.00096557045287573
6012, 0.0009397119939017405
6029, 0.0009161249281140658
6045, 0.0008966494300887453
6062, 0.0008696135404919036
6079, 0.0008460675101585788
6096, 0.0008249029875523695
6113, 0.0008051130717104674
6130, 0.0007861189278422496
6147, 0.0007676813531567856
6164, 0.0007494261322624518
6180, 0.0007337807274724957
6196, 0.0007142013590093483
6213, 0.0006913085037689338
6230, 0.0006714081601412409
6246, 0.0006558590029412744
6263, 0.0006357810977899115
6280, 0.0006183191004320408
6297, 0.0006027109149656393
6313, 0.0005898229995741959
6329, 0.0005740383672972531
6345, 0.0005577041231127985
6361, 0.0005413205692341929
6377, 0.0005251036724615975
6393, 0.0005091640081049212
6409, 0.0004935628017037503
6425, 0.0004783347702786948
6442, 0.00046159192528717416
6458, 0.0004484712151959728
6475, 0.00043360313627978115
6491, 0.00042210227680425805
6507, 0.000410124859703476
6524, 0.00039655378653131616
6540, 0.00038605917572526714
6556, 0.0003751152054983406
6572, 0.0003641194420028239
6588, 0.00035322647315857774
6604, 0.0003425146408229219
6620, 0.0003320271318286199
6636, 0.00032178842980204046
6653, 0.00031052966689492663
6669, 0.0003017077928856696
6686, 0.0002917085442940877
6703, 0.00028298543330208977
6720, 0.0002753633582016663
6737, 0.00026849721826156326
6755, 0.00026130317882768357
6771, 0.00025773111530908094
6788, 0.0002499136426594887
6804, 0.00024388817215155865
6820, 0.00023719938998087472
6836, 0.00023036915299145326
6853, 0.00022267955073159476
6869, 0.0002167247825188103
6886, 0.00020976241898250516
6903, 0.0002037093745484209
6921, 0.00019774808394571356
6938, 0.0001944122070834375
6955, 0.00018962958407508083
6972, 0.00018511749617813625
6989, 0.00018073707988429814
7005, 0.00017699352125092314
7022, 0.00017164591264506873
7039, 0.00016700966760634618
7056, 0.00016283814470984835
7072, 0.0001593725649074613
7088, 0.00015511016365328252
7104, 0.00015069779769381322
7120, 0.00014627153055021792
7137, 0.0001413276447675287
7153, 0.0001374898214220142
7169, 0.00013354600513174503
7186, 0.00012909870074237704
7203, 0.00012521588791070012
7220, 0.00012182600052524561
7237, 0.00011877878959251071
7253, 0.00011624934069688671
7270, 0.00011274338388644772
7288, 0.00010932597537703543
7305, 0.00010739701396341514
7321, 0.00010504888326510514
7337, 0.00010222972234969235
7353, 9.931695895710521e-05
7369, 9.639711904713952e-05
7386, 9.313696991481814e-05
7402, 9.06058599053367e-05
7418, 8.800592589164807e-05
7435, 8.50745335950217e-05
7452, 8.25151215681328e-05
7468, 8.053300801745884e-05
7484, 7.832662330044077e-05
7501, 7.578358271033315e-05
7517, 7.382143651085514e-05
7533, 7.174764779360823e-05
7549, 6.965521474241181e-05
7565, 6.757820250445377e-05
7582, 6.527087944328418e-05
7599, 6.324569901281052e-05
7616, 6.148270243941736e-05
7633, 5.991519053184646e-05
7650, 5.8465098168467215e-05
7666, 5.723665419790822e-05
7683, 5.55133547179964e-05
7700, 5.401227085117933e-05
7716, 5.2814174806029447e-05
7732, 5.13927625721235e-05
7749, 4.973873666878411e-05
7765, 4.8463376579720186e-05
7781, 4.7107048826732765e-05
7797, 4.5736061958832695e-05
7814, 4.41992950243147e-05
7831, 4.2855339843401395e-05
7847, 4.181592123976874e-05
7863, 4.0667139225519e-05
7880, 3.934494990581996e-05
7897, 3.819433551516497e-05
7914, 3.718482178181829e-05
7931, 3.626777940972597e-05
7947, 3.5500074593013836e-05
7963, 3.4551282148236925e-05
7980, 3.344293653219721e-05
7996, 3.258849249431538e-05
8013, 3.156721493780655e-05
8030, 3.066844177559773e-05
8046, 2.9967798830455942e-05
8063, 2.905313163698636e-05
8080, 2.8257449553182915e-05
8097, 2.7545469531422455e-05
8114, 2.68824883144219e-05
8130, 2.6318804647069096e-05
8147, 2.552658120931346e-05
8164, 2.4836495369337056e-05
8181, 2.421580627300345e-05
8198, 2.363510266401315e-05
8215, 2.3077416605496675e-05
8232, 2.2536132946995825e-05
8249, 2.2000239717733022e-05
8265, 2.154095394396444e-05
8282, 2.089287530567056e-05
8298, 2.0392061000124864e-05
8315, 1.9762360826227585e-05
8332, 1.921500097373651e-05
8349, 1.8727248723861343e-05
8365, 1.832576220391149e-05
8381, 1.7835161963995663e-05
8397, 1.732757954031941e-05
8414, 1.6753222834295667e-05
8431, 1.625215555824691e-05
8447, 1.58637696449717e-05
8463, 1.5429757863935234e-05
8479, 1.4985999782034738e-05
8495, 1.4542975469696364e-05
8511, 1.410548848815083e-05
8528, 1.3620913186325187e-05
8544, 1.3243274999473453e-05
8560, 1.2859416249261332e-05
8576, 1.2477441547293241e-05
8592, 1.2100889764137236e-05
8609, 1.1684232677812134e-05
8626, 1.1317702900779016e-05
8643, 1.0998734316090126e-05
8659, 1.0747982290809034e-05
8675, 1.0457202413588208e-05
8691, 1.0158104813288728e-05
8707, 9.858790080977536e-06
8724, 9.524870904099158e-06
8741, 9.232347236798132e-06
8757, 9.006326344290575e-06
8774, 8.726503031167956e-06
8791, 8.483333864275122e-06
8807, 8.291455044079715e-06
8824, 8.038904818988479e-06
8840, 7.843990780870242e-06
8856, 7.628517832879577e-06
8872, 7.408672293152565e-06
8888, 7.189381265613945e-06
8905, 6.94514133021043e-06
8923, 6.705335104622239e-06
8940, 6.535518730424503e-06
8956, 6.395465328612028e-06
8972, 6.224261816636804e-06
8989, 6.024447560008486e-06
9006, 5.8517601457583725e-06
9023, 5.697800170443089e-06
9039, 5.573899463279303e-06
9055, 5.424372541626759e-06
9071, 5.269847847166132e-06
9087, 5.114935058932943e-06
9104, 4.941960111570704e-06
9121, 4.79048145330688e-06
9138, 4.6585086419112625e-06
9155, 4.540679602037568e-06
9172, 4.4311975242096796e-06
9189, 4.326469379193886e-06
9205, 4.235366347217618e-06
9222, 4.107817536993807e-06
9238, 4.0092626339421016e-06
9255, 3.885427334535663e-06
9271, 3.7899517304105003e-06
9289, 3.6579341072044974e-06
9305, 3.576624528609436e-06
9322, 3.4680035217466448e-06
9339, 3.373471569831995e-06
9355, 3.298266940177519e-06
9372, 3.1980811737668318e-06
9389, 3.110891679334268e-06
9405, 3.0415331329508008e-06
9421, 2.9596008318958535e-06
9438, 2.864307778348112e-06
9455, 2.7814480820620476e-06
9471, 2.716786379708563e-06
9488, 2.6335437231046875e-06
9504, 2.569330354859182e-06
9520, 2.498634590241973e-06
9537, 2.4173326222086963e-06
9554, 2.3465752054376546e-06
9570, 2.2915085074604717e-06
9588, 2.2127106933098135e-06
9605, 2.1562054486531065e-06
9621, 2.1098191421562516e-06
9637, 2.053309770781933e-06
9654, 1.9873767113541764e-06
9670, 1.936544950886161e-06
9686, 1.8823983500411981e-06
9702, 1.827641674037401e-06
9719, 1.7662513433120128e-06
9735, 1.7186559657049527e-06
9751, 1.669537320024929e-06
9767, 1.6203661428153168e-06
9784, 1.565500791123979e-06
9800, 1.5228935676875626e-06
9816, 1.47916281374705e-06
9833, 1.429872055403589e-06
9850, 1.3868328589484533e-06
9867, 1.3492615535133536e-06
9884, 1.3154979832805853e-06
9901, 1.2839336033109853e-06
9918, 1.2536429438058076e-06
9934, 1.2272287677414657e-06
9950, 1.1944489692791183e-06
9966, 1.1604912434824889e-06
9982, 1.1264173604530875e-06
9999, 1.0883537714742253e-06
10016, 1.0552223284968295e-06
10033, 1.0259823884983665e-06
10049, 1.0029766981790053e-06
10065, 9.759303088338337e-07
10082, 9.444915713670568e-07
10099, 9.171538632960697e-07
10116, 8.93112105992224e-07
10132, 8.736518650374002e-07
10149, 8.472164940878256e-07
10166, 8.242018412286975e-07
10183, 8.035423616317545e-07
10199, 7.8641442259568e-07
10216, 7.626939875149822e-07
10233, 7.420362726469862e-07
10250, 7.234703995748673e-07
10266, 7.080618117272466e-07
10282, 6.891229640877357e-07
10298, 6.695188603312175e-07
10314, 6.498533681790591e-07
10330, 6.303868505781855e-07
10347, 6.08795164451064e-07
10364, 5.898282083199236e-07
10380, 5.75186113283788e-07
10396, 5.592708906546177e-07
10413, 5.410198900485313e-07
10430, 5.251310358234694e-07
10447, 5.11202936723213e-07
10464, 4.985709525616306e-07
10480, 4.880087907874648e-07
10497, 4.7330085337078963e-07
10514, 4.6049083255400144e-07
10531, 4.489745919115355e-07
10548, 4.3820468457573125e-07
10564, 4.290261959766876e-07
10580, 4.175742745266131e-07
10597, 4.0418711098136773e-07
10613, 3.9386697885300587e-07
10630, 3.814537089645572e-07
10647, 3.7066868822968206e-07
10663, 3.6219867264424045e-07
10680, 3.511432460649098e-07
10697, 3.4152598943642083e-07
10714, 3.3292057327121334e-07
10730, 3.2580753326539726e-07
10746, 3.170893755564276e-07
10762, 3.0806708743321797e-07
10778, 2.990173699688326e-07
10794, 2.9005957596398367e-07
10810, 2.8125488492437673e-07
10826, 2.726370875399905e-07
10842, 2.6422544715402625e-07
10858, 2.5603051788247113e-07
10874, 2.480574768141182e-07
10891, 2.3931162566153533e-07
10908, 2.3155962245327316e-07
10925, 2.248062879384689e-07
10942, 2.1887763091819207e-07
10959, 2.1348643673740767e-07
10975, 2.0896970667886646e-07
10992, 2.0267270340130066e-07
11009, 1.972205125938994e-07
11026, 1.9225653287775835e-07
11042, 1.8816448919862053e-07
11058, 1.8313198972815641e-07
11075, 1.7725550875485448e-07
11092, 1.7214688981310513e-07
11109, 1.67649362577189e-07
11125, 1.6400292086250558e-07
11141, 1.5960317187096074e-07
11157, 1.5505646116836642e-07
11173, 1.504983325242173e-07
11190, 1.454087955813594e-07
11206, 1.4145745341836942e-07
11223, 1.3687863014236834e-07
11240, 1.328955691887011e-07
11258, 1.289805824217169e-07
11275, 1.2678694312639784e-07
11292, 1.2366701176902895e-07
11308, 1.2105442357783578e-07
11325, 1.1740722783005603e-07
11341, 1.1458922407020764e-07
11357, 1.1145047508734568e-07
11374, 1.0783241936179291e-07
11391, 1.0468426876934656e-07
11407, 1.0223280692779093e-07
11423, 9.94503133656056e-08
11439, 9.659747740223342e-08
11455, 9.374623781374988e-08
11472, 9.056741566185759e-08
11490, 8.744765668254677e-08
11507, 8.556016988869584e-08
11524, 8.348482228838465e-08
11540, 8.173003974484092e-08
11557, 7.926917001684243e-08
11574, 7.712559921188951e-08
11590, 7.541472131701605e-08
11607, 7.312604391959451e-08
11624, 7.11340730314705e-08
11641, 6.934794067907034e-08
11657, 6.786862241517885e-08
11673, 6.605294915906089e-08
11690, 6.393309655323415e-08
11706, 6.229884604481423e-08
11722, 6.055733426980522e-08
11739, 5.8570230153396054e-08
11755, 5.7035322903218076e-08
11772, 5.521913301742243e-08
11789, 5.364083264023684e-08
11806, 5.22483436447592e-08
11823, 5.097231667879777e-08
11840, 4.9761739901203906e-08
11856, 4.871566849082903e-08
11872, 4.741477618874693e-08
11889, 4.589439071342288e-08
11905, 4.472231826768511e-08
11922, 4.331270567255677e-08
11938, 4.222650901706641e-08
11955, 4.090424829889927e-08
11971, 3.9885293903698486e-08
11988, 3.863917586306881e-08
12005, 3.756281915256983e-08
12022, 3.6595278669213144e-08
12038, 3.580801351617918e-08
12055, 3.4726612605467435e-08
12071, 3.389130986980046e-08
12087, 3.2962460227980223e-08
12103, 3.2013623250115105e-08
12119, 3.106674213354798e-08
12136, 3.0011838547135386e-08
12152, 2.9192128928380726e-08
12168, 2.8352393066329014e-08
12185, 2.7406630343759226e-08
12202, 2.6580674978948578e-08
12219, 2.585978375673957e-08
12235, 2.528513687765695e-08
12251, 2.4604394744848904e-08
12267, 2.390230169786345e-08
12283, 2.319901219640198e-08
12299, 2.2503289263610718e-08
12316, 2.1731921637348314e-08
12333, 2.1054199212028465e-08
12349, 2.0531005089986516e-08
12366, 1.9890071018332216e-08
12383, 1.933314872824314e-08
12400, 1.883871144262237e-08
12417, 1.8382071056636214e-08
12433, 1.7995606403023148e-08
12449, 1.7515020274786847e-08
12465, 1.7017090394456757e-08
12482, 1.645340933529281e-08
12499, 1.5961709566602412e-08
12516, 1.553203500709769e-08
12533, 1.5144838172438586e-08
12550, 1.4782075056020783e-08
12567, 1.4433523046657044e-08
12584, 1.4090898858202143e-08
12601, 1.3759718190547427e-08
12618, 1.3432741027613847e-08
12635, 1.3116926572729196e-08
12651, 1.2840192427075706e-08
12668, 1.2453458014239699e-08
12684, 1.2154648297279716e-08
12701, 1.1779181124087128e-08
12717, 1.1489708089060507e-08
12734, 1.113229655514654e-08
12750, 1.0856833667131253e-08
12767, 1.051839018683256e-08
12784, 1.0224313765647355e-08
12800, 9.992505323705319e-09
12816, 9.722479417918338e-09
12833, 9.408999897010382e-09
12849, 9.167272059236418e-09
12866, 8.877687492358292e-09
12882, 8.654567788848217e-09
12899, 8.38330956551301e-09
12916, 8.147595045685428e-09
12933, 7.938670759758426e-09
12949, 7.76769072585443e-09
12966, 7.533055463713987e-09
12983, 7.32873413756773e-09
13000, 7.146349109556135e-09
13017, 6.973762553682314e-09
13034, 6.809345998327836e-09
13050, 6.665838069947873e-09
13067, 6.465095960707593e-09
13083, 6.309955823524458e-09
13099, 6.1371168185955676e-09
13116, 5.937884797697794e-09
13132, 5.784174994829001e-09
13149, 5.600924591439386e-09
13166, 5.441704849824195e-09
13182, 5.316882496003756e-09
13199, 5.154465867430739e-09
13215, 5.029119879259549e-09
13232, 4.873170550373173e-09
13248, 4.75293817609472e-09
13265, 4.604927601607061e-09
13281, 4.490834845763621e-09
13297, 4.3666450675415044e-09
13314, 4.2242379683244255e-09
13330, 4.114336668217696e-09
13347, 3.983691921839391e-09
13364, 3.870207028264093e-09
13381, 3.769928658155091e-09
13398, 3.677915477468534e-09
13414, 3.600381915595121e-09
13431, 3.4919258568147183e-09
13447, 3.408118465770273e-09
13464, 3.302828428158134e-09
13480, 3.2216665682649187e-09
13497, 3.1214427494242467e-09
13513, 3.044206165638681e-09
13530, 2.9492778306726736e-09
13546, 2.8761333435218295e-09
13562, 2.7965662146931695e-09
13578, 2.7156825245850617e-09
13595, 2.6247935292722525e-09
13611, 2.5543733082301985e-09
13628, 2.4721886671485434e-09
13645, 2.400791679759668e-09
13662, 2.3379869086249646e-09
13679, 2.280688137706112e-09
13696, 2.226425001696372e-09
13713, 2.1737189091556994e-09
13730, 2.1227163676300006e-09
13747, 2.0722090870691805e-09
13764, 2.023475413540725e-09
13781, 1.975400814895463e-09
13798, 1.928992598852375e-09
13815, 1.883105771591696e-09
13832, 1.8388058640878755e-09
13849, 1.795122638839052e-09
13866, 1.7529164083447418e-09
13882, 1.7159447361638597e-09
13899, 1.6642681378951825e-09
13916, 1.6192783608076368e-09
13932, 1.5833714957468668e-09
13948, 1.540739551977269e-09
13964, 1.4967746380935821e-09
13980, 1.45274498791291e-09
13996, 1.4091989277374398e-09
14012, 1.3666855173180917e-09
14028, 1.3245720731068484e-09
14044, 1.2836936911342245e-09
14061, 1.2387283228151385e-09
14078, 1.198996454577523e-09
14095, 1.1644054619263504e-09
14112, 1.1339979022115997e-09
14128, 1.1093639323716076e-09
14145, 1.0757913548491378e-09
14162, 1.0465771953215707e-09
14179, 1.0202659277197626e-09
14196, 9.95729567965349e-10
14212, 9.748666023334061e-10
14228, 9.488451460198327e-10
14244, 9.21897215834284e-10
14260, 8.948320950945792e-10
14276, 8.680331014435672e-10
14292, 8.417017972221936e-10
14308, 8.159083617111646e-10
14325, 7.875165870925536e-10
14342, 7.624284610498703e-10
14359, 7.406044694535008e-10
14376, 7.213332576515715e-10
14393, 7.037259014347021e-10
14410, 6.869849778139951e-10
14427, 6.708220955471671e-10
14443, 6.566648504263319e-10
14459, 6.391259388896145e-10
14475, 6.209522267711603e-10
14492, 6.003713276416337e-10
14509, 5.823955485918427e-10
14526, 5.667220261523286e-10
14542, 5.541968866331581e-10
14559, 5.373853066831401e-10
14575, 5.243898666703884e-10
14591, 5.100249086473834e-10
14608, 4.934711626955751e-10
14624, 4.807073751739136e-10
14641, 4.654956019634692e-10
14657, 4.5378080636985326e-10
14673, 4.4116320727702424e-10
14690, 4.2670361211658457e-10
14707, 4.140859523783571e-10
14723, 4.0435512601960623e-10
14739, 3.933639060318024e-10
14755, 3.8205491860464607e-10
14772, 3.6932033369827075e-10
14789, 3.582079939398624e-10
14805, 3.4956926923955494e-10
14821, 3.400053791695228e-10
14837, 3.301938855287379e-10
14853, 3.2045186896451837e-10
14869, 3.108035720818052e-10
14886, 3.00141861669807e-10
14902, 2.918356621078491e-10
14919, 2.8233811409625576e-10
14936, 2.74066384035184e-10
14953, 2.668373325278398e-10
14969, 2.610082147274479e-10
14985, 2.5400996204266396e-10
15002, 2.4592370661808147e-10
15018, 2.3954684022885255e-10
15035, 2.3197667472776712e-10
15052, 2.2537386263744964e-10
15068, 2.2023129398557157e-10
15085, 2.1345893821785202e-10
15101, 2.0825268973635246e-10
15118, 2.0179081516399625e-10
15135, 1.9620053563019583e-10
15152, 1.912432417625829e-10
15169, 1.866411812310237e-10
15185, 1.827741096947991e-10
15202, 1.7732543362575745e-10
15219, 1.7251997695921673e-10
15235, 1.6865023812820395e-10
15252, 1.6353723943371995e-10
15269, 1.5908708207818154e-10
15285, 1.5555385610348732e-10
15301, 1.513832141687014e-10
15318, 1.4650297909569e-10
15335, 1.4227870941607906e-10
15352, 1.384995042211821e-10
15368, 1.3546220403958279e-10
15384, 1.318216306795682e-10
15401, 1.2758927238354e-10
15417, 1.2431460363117526e-10
15434, 1.2037987399857572e-10
15451, 1.1688945400256905e-10
15468, 1.1378577551901485e-10
15485, 1.110159453797392e-10
15502, 1.0838763533087827e-10
15519, 1.0587884571053488e-10
15536, 1.0334272720800981e-10
15552, 1.0116272845131505e-10
15569, 9.808325508389037e-11
15585, 9.56875369876867e-11
15602, 9.270890809984507e-11
15619, 9.013287577389295e-11
15636, 8.781049264299303e-11
15653, 8.567890934657804e-11
15670, 8.362712113574829e-11
15687, 8.163818524828379e-11
15704, 7.969904769769295e-11
15721, 7.785897294032627e-11
15738, 7.599574806630835e-11
15754, 7.437564688535651e-11
15771, 7.217369803576583e-11
15787, 7.048739838220081e-11
15804, 6.828823869824666e-11
15821, 6.638762286199363e-11
15837, 6.492207455014789e-11
15853, 6.318860954139985e-11
15869, 6.136167737580542e-11
15886, 5.930449095611305e-11
15903, 5.752016844304376e-11
15919, 5.613599774333534e-11
15935, 5.463237244677944e-11
15951, 5.306586658390064e-11
15967, 5.1514339309900776e-11
15983, 4.996236355899987e-11
16000, 4.829184596317716e-11
16017, 4.683055610384796e-11
16034, 4.5524230188937966e-11
16050, 4.450814199831721e-11
16066, 4.3307057964401066e-11
16082, 4.2068372714839204e-11
16099, 4.069225123997446e-11
16115, 3.962508129684399e-11
16132, 3.834486845752e-11
16148, 3.734592291743815e-11
16164, 3.633053101350767e-11
16180, 3.529398162292269e-11
16198, 3.395074721868445e-11
16214, 3.3163456252361454e-11
16230, 3.2289047472385566e-11
16246, 3.141243890236067e-11
16263, 3.034906541843883e-11
16279, 2.950836858920252e-11
16295, 2.863084401442522e-11
16311, 2.7751781205381128e-11
16328, 2.679534318986779e-11
16345, 2.5955534952805483e-11
16361, 2.5312962948854672e-11
16378, 2.4517656177930353e-11
16395, 2.3831392543008984e-11
16411, 2.3302693126423196e-11
16428, 2.2613923406512247e-11
16444, 2.2097676751998363e-11
16460, 2.1520385063959912e-11
16477, 2.0857732178919805e-11
16493, 2.0308675002341086e-11
16510, 1.964697973228419e-11
16527, 1.9070878849059577e-11
16543, 1.8596368567122197e-11
16560, 1.8018374400778676e-11
16577, 1.7487596149006862e-11
16594, 1.708227426100822e-11
16611, 1.668119267639316e-11
16628, 1.6263353302791768e-11
16645, 1.587979484483854e-11
16661, 1.553983502771484e-11
16677, 1.5100662377359048e-11
16693, 1.470879494078003e-11
16710, 1.4242273812613388e-11
16726, 1.3866991935511027e-11
16742, 1.3469715127418068e-11
16758, 1.3052664426837886e-11
16775, 1.2599850875479652e-11
16791, 1.2199958693975018e-11
16808, 1.1752700174033643e-11
16824, 1.1445403880995013e-11
16840, 1.1128051221829502e-11
16856, 1.0836882195182503e-11
16872, 1.0548489102776634e-11
16888, 1.0233484983815388e-11
16904, 9.911678418720029e-12
16920, 9.613916020354427e-12
16936, 9.349296293977088e-12
16953, 9.045949613125642e-12
16970, 8.775030962676606e-12
16986, 8.585814312767741e-12
17003, 8.304825440923811e-12
17019, 8.10279276990664e-12
17035, 7.922855326591582e-12
17052, 7.71077757659084e-12
17069, 7.51354140415123e-12
17085, 7.351851174516588e-12
17102, 7.126852091781364e-12
17119, 6.948573183735084e-12
17136, 6.7747342434471396e-12
17153, 6.572924189786053e-12
17169, 6.411048301678191e-12
17185, 6.207930541324732e-12
17203, 5.955833884240363e-12
17220, 5.782816741608309e-12
17236, 5.655166686941864e-12
17254, 5.470528819097416e-12
17270, 5.3941061602126785e-12
17287, 5.196271879435518e-12
17303, 5.06412477501742e-12
17319, 4.894479751859284e-12
17336, 4.723093480247912e-12
17353, 4.518884772711178e-12
17370, 4.341977921854884e-12
17386, 4.201093032190318e-12
17402, 4.046320553961351e-12
17418, 3.9403932276287685e-12
17435, 3.8306004857181505e-12
17451, 3.736310700617497e-12
17468, 3.6717080162539875e-12
17484, 3.581588187011231e-12
17500, 3.4782882280272984e-12
17516, 3.347958651594849e-12
17532, 3.2224174880337364e-12
17549, 3.098257627290556e-12
17566, 3.000844701849039e-12
17582, 2.9226778695424516e-12
17599, 2.8588989861969733e-12
17616, 2.7749563242201375e-12
17632, 2.7110309650655986e-12
17649, 2.6499155163330462e-12
17666, 2.5689032641805692e-12
17682, 2.4731952584433957e-12
17699, 2.398357871725718e-12
17715, 2.320087553443114e-12
17731, 2.256464488791415e-12
17748, 2.14341880538681e-12
17764, 2.0916356278471016e-12
17781, 2.0291417086328722e-12
17797, 1.9553578443776217e-12
17814, 1.864240514881875e-12
17831, 1.7845590651292437e-12
17847, 1.7109896576212594e-12
17863, 1.6313940589431786e-12
17879, 1.5799345552468542e-12
17896, 1.5296475859284757e-12
17913, 1.5119403446160384e-12
17929, 1.478254550801911e-12
17946, 1.4207936897175282e-12
17962, 1.3873401861568079e-12
17978, 1.3412290197926565e-12
17995, 1.296564629222679e-12
18012, 1.267659220215609e-12
18029, 1.2227164311219847e-12
18046, 1.2050291330527023e-12
18063, 1.1596882323953405e-12
18080, 1.1252970210658492e-12
18096, 1.0921333774057044e-12
18112, 1.1086793197422909e-12
18129, 1.0805940428050956e-12
18146, 1.0514935642315752e-12
18162, 1.0068774857047008e-12
18179, 1.0233393382510204e-12
18196, 9.896792569467113e-13
18212, 9.604880652431872e-13
18229, 9.269782021330111e-13
18246, 8.980275143142617e-13
18262, 8.809844122379813e-13
18278, 8.586667710197698e-13
18295, 8.642198966347165e-13
18312, 8.47556097922684e-13
18329, 8.642855007058613e-13
18345, 8.58772415344784e-13
18361, 8.588060539869666e-13
18378, 8.642198966347165e-13
18395, 8.47556097922684e-13
18411, 8.588757583125579e-13
18427, 8.588060539869666e-13
18443, 8.588060539869666e-13
18459, 8.588060539869666e-13
18476, 8.642198966347165e-13
18493, 8.47556097922684e-13
18510, 8.642855007058613e-13
18527, 8.47556097922684e-13
18544, 8.642855007058613e-13
18560, 8.58772415344784e-13
18576, 8.588060539869666e-13
18593, 8.642198966347165e-13
18610, 8.47556097922684e-13
18626, 8.588757583125579e-13
18643, 8.642198966347165e-13
18660, 8.47556097922684e-13
18676, 8.588757583125579e-13
18693, 8.642198966347165e-13
18709, 8.58772415344784e-13
18726, 8.642198966347165e-13
18742, 8.58772415344784e-13
18758, 8.588060539869666e-13
18775, 8.642198966347165e-13
18791, 8.58772415344784e-13
18808, 8.642198966347165e-13
18825, 8.47556097922684e-13
18841, 8.588757583125579e-13
18858, 8.642198966347165e-13
18874, 8.58772415344784e-13
18891, 8.642198966347165e-13
18908, 8.47556097922684e-13
18925, 8.642855007058613e-13
18941, 8.58772415344784e-13
18957, 8.588060539869666e-13
18973, 8.588060539869666e-13
18990, 8.642198966347165e-13
19006, 8.588060539869666e-13
19022, 8.588060539869666e-13
19038, 8.588060539869666e-13
19055, 8.642198966347165e-13
19071, 8.58772415344784e-13
19088, 8.642198966347165e-13
19104, 8.58772415344784e-13
19121, 8.642198966347165e-13
19138, 8.47556097922684e-13
19155, 8.642855007058613e-13
19172, 8.47556097922684e-13
19188, 8.588757583125579e-13
19205, 8.642198966347165e-13
19221, 8.58772415344784e-13
19237, 8.588060539869666e-13
19254, 8.642198966347165e-13
19270, 8.58772415344784e-13
19286, 8.588060539869666e-13
19302, 8.588060539869666e-13
19319, 8.642198966347165e-13
19336, 8.47556097922684e-13
19352, 8.588757583125579e-13
19368, 8.588060539869666e-13
19384, 8.588060539869666e-13
19401, 8.642198966347165e-13
19417, 8.58772415344784e-13
19434, 8.642198966347165e-13
19451, 8.47556097922684e-13
19467, 8.588757583125579e-13
19484, 8.642198966347165e-13
19501, 8.47556097922684e-13
19518, 8.642855007058613e-13
19535, 8.47556097922684e-13
19552, 8.642855007058613e-13
19568, 8.58772415344784e-13
19584, 8.588060539869666e-13
19601, 8.642198966347165e-13
19617, 8.58772415344784e-13
19634, 8.642198966347165e-13
19651, 8.47556097922684e-13
19667, 8.588757583125579e-13
19683, 8.588060539869666e-13
19699, 8.588060539869666e-13
19716, 8.642198966347165e-13
19733, 8.47556097922684e-13
19750, 8.642855007058613e-13
19767, 8.47556097922684e-13
19783, 8.588757583125579e-13
19799, 8.588060539869666e-13
19815, 8.588060539869666e-13
19831, 8.588060539869666e-13
19848, 8.642198966347165e-13
19864, 8.58772415344784e-13
19880, 8.588060539869666e-13
19897, 8.642198966347165e-13
19914, 8.47556097922684e-13
19931, 8.642855007058613e-13
19948, 8.47556097922684e-13
19964, 8.588757583125579e-13
19981, 8.642198966347165e-13
19998, 8.47556097922684e-13
20014, 8.588060539869666e-13
20031, 8.642198966347165e-13
20048, 8.47556097922684e-13
20065, 8.642855007058613e-13
20081, 8.58772415344784e-13
20098, 8.642198966347165e-13
20115, 8.47556097922684e-13
20131, 8.588757583125579e-13
20148, 8.642198966347165e-13
20164, 8.58772415344784e-13
20180, 8.588060539869666e-13
20197, 8.642198966347165e-13
20214, 8.47556097922684e-13
20230, 8.588757583125579e-13
20247, 8.642198966347165e-13
20264, 8.47556097922684e-13
20281, 8.642855007058613e-13
20297, 8.58772415344784e-13
20313, 8.588060539869666e-13
20329, 8.588060539869666e-13
20345, 8.588060539869666e-13
20361, 8.588060539869666e-13
20378, 8.642198966347165e-13
20394, 8.58772415344784e-13
20411, 8.642198966347165e-13
20428, 8.47556097922684e-13
20445, 8.642855007058613e-13
20462, 8.47556097922684e-13
20479, 8.642855007058613e-13
20495, 8.58772415344784e-13
20512, 8.642198966347165e-13
20528, 8.58772415344784e-13
20544, 8.588060539869666e-13
20560, 8.588060539869666e-13
20577, 8.642198966347165e-13
20594, 8.47556097922684e-13
20612, 8.642800971519908e-13
20630, 8.475615014765545e-13
20647, 8.642855007058613e-13
20663, 8.58772415344784e-13
20680, 8.642198966347165e-13
20696, 8.58772415344784e-13
20713, 8.642198966347165e-13
20730, 8.47556097922684e-13
20747, 8.642855007058613e-13
20763, 8.58772415344784e-13
20779, 8.588060539869666e-13
20795, 8.588060539869666e-13
20812, 8.642198966347165e-13
20828, 8.58772415344784e-13
20845, 8.642198966347165e-13
20861, 8.58772415344784e-13
20877, 8.588060539869666e-13
20893, 8.588060539869666e-13
20910, 8.642198966347165e-13
20926, 8.58772415344784e-13
20942, 8.588060539869666e-13
20959, 8.642198966347165e-13
20975, 8.58772415344784e-13
20992, 8.642198966347165e-13
21008, 8.588060539869666e-13
21025, 8.642198966347165e-13
21042, 8.47556097922684e-13
21058, 8.588757583125579e-13
21075, 8.642198966347165e-13
21092, 8.47556097922684e-13
21108, 8.588757583125579e-13
21125, 8.642198966347165e-13
21141, 8.58772415344784e-13
21157, 8.588060539869666e-13
21174, 8.642198966347165e-13
21190, 8.58772415344784e-13
21207, 8.642198966347165e-13
21224, 8.47556097922684e-13
21240, 8.588757583125579e-13
21257, 8.642198966347165e-13
21273, 8.58772415344784e-13
21290, 8.642198966347165e-13
21307, 8.47556097922684e-13
21323, 8.588757583125579e-13
21340, 8.642198966347165e-13
21357, 8.47556097922684e-13
21374, 8.642855007058613e-13
21390, 8.58772415344784e-13
21407, 8.642198966347165e-13
21423, 8.58772415344784e-13
21439, 8.588060539869666e-13
21456, 8.642198966347165e-13
21472, 8.58772415344784e-13
21489, 8.642198966347165e-13
21505, 8.58772415344784e-13
21521, 8.588060539869666e-13
21538, 8.642198966347165e-13
21554, 8.58772415344784e-13
21571, 8.642198966347165e-13
21587, 8.58772415344784e-13
21604, 8.642198966347165e-13
21621, 8.47556097922684e-13
21637, 8.588757583125579e-13
21653, 8.588060539869666e-13
21670, 8.642198966347165e-13
21686, 8.58772415344784e-13
21702, 8.588060539869666e-13
21718, 8.588060539869666e-13
21735, 8.642198966347165e-13
21752, 8.47556097922684e-13
21768, 8.588757583125579e-13
21785, 8.642198966347165e-13
21802, 8.47556097922684e-13
21818, 8.588757583125579e-13
21835, 8.642198966347165e-13
21852, 8.47556097922684e-13
21869, 8.642855007058613e-13
21886, 8.47556097922684e-13
21902, 8.588757583125579e-13
21919, 8.642198966347165e-13
21936, 8.47556097922684e-13
21954, 8.642800971519908e-13
21971, 8.47556097922684e-13
21988, 8.642855007058613e-13
22005, 8.476533618923536e-13
22021, 8.588757583125579e-13
22037, 8.588060539869666e-13
22053, 8.588060539869666e-13
22070, 8.642198966347165e-13
22087, 8.47556097922684e-13
22103, 8.588757583125579e-13
22120, 8.642198966347165e-13
22137, 8.47556097922684e-13
22153, 8.588757583125579e-13
22169, 8.588060539869666e-13
22186, 8.642198966347165e-13
22203, 8.47556097922684e-13
22220, 8.642855007058613e-13
22236, 8.58772415344784e-13
22253, 8.642198966347165e-13
22269, 8.58772415344784e-13
22285, 8.588060539869666e-13
22302, 8.642198966347165e-13
22318, 8.58772415344784e-13
22334, 8.588060539869666e-13
22351, 8.642198966347165e-13
22368, 8.47556097922684e-13
22385, 8.642855007058613e-13
22401, 8.58772415344784e-13
22418, 8.642198966347165e-13
22435, 8.47556097922684e-13
22451, 8.588757583125579e-13
22467, 8.588060539869666e-13
22484, 8.642198966347165e-13
22501, 8.47556097922684e-13
22517, 8.588757583125579e-13
22534, 8.642198966347165e-13
22551, 8.47556097922684e-13
22568, 8.642855007058613e-13
22585, 8.47556097922684e-13
22602, 8.642855007058613e-13
22618, 8.58772415344784e-13
22634, 8.588060539869666e-13
22651, 8.642198966347165e-13
22668, 8.47556097922684e-13
22684, 8.588757583125579e-13
22701, 8.642198966347165e-13
22718, 8.47556097922684e-13
22735, 8.642855007058613e-13
22751, 8.58772415344784e-13
22768, 8.642198966347165e-13
22785, 8.47556097922684e-13
22802, 8.642855007058613e-13
22818, 8.58772415344784e-13
22834, 8.588060539869666e-13
22850, 8.588060539869666e-13
22866, 8.588060539869666e-13
22883, 8.642198966347165e-13
22900, 8.47556097922684e-13
22916, 8.588757583125579e-13
22933, 8.642198966347165e-13
22951, 8.475615014765545e-13
22967, 8.588757583125579e-13
22983, 8.588060539869666e-13
22999, 8.588060539869666e-13
23016, 8.641882367361917e-13
23033, 8.47556097922684e-13
23050, 8.642855007058613e-13
23067, 8.47556097922684e-13
23084, 8.642855007058613e-13
23101, 8.47556097922684e-13
23118, 8.642855007058613e-13
23135, 8.47556097922684e-13
23151, 8.588757583125579e-13
23168, 8.642198966347165e-13
23185, 8.47556097922684e-13
23201, 8.588757583125579e-13
23218, 8.642198966347165e-13
23234, 8.58772415344784e-13
23250, 8.588060539869666e-13
23266, 8.588060539869666e-13
23283, 8.642198966347165e-13
23300, 8.47556097922684e-13
23317, 8.642855007058613e-13
23333, 8.58772415344784e-13
23349, 8.588060539869666e-13
23365, 8.588060539869666e-13
23381, 8.588060539869666e-13
23398, 8.642198966347165e-13
23415, 8.47556097922684e-13
23432, 8.642855007058613e-13
23448, 8.58772415344784e-13
23464, 8.588060539869666e-13
23481, 8.642198966347165e-13
23498, 8.47556097922684e-13
23514, 8.588757583125579e-13
23530, 8.588060539869666e-13
23547, 8.642198966347165e-13
23563, 8.58772415344784e-13
23580, 8.642198966347165e-13
23597, 8.47556097922684e-13
23614, 8.642855007058613e-13
23631, 8.47556097922684e-13
23648, 8.642855007058613e-13
23665, 8.47556097922684e-13
23682, 8.642855007058613e-13
23699, 8.47556097922684e-13
23716, 8.642855007058613e-13
23733, 8.47556097922684e-13
23750, 8.642855007058613e-13
23766, 8.58772415344784e-13
23783, 8.642198966347165e-13
23800, 8.47556097922684e-13
23817, 8.642855007058613e-13
23834, 8.47556097922684e-13
23851, 8.642855007058613e-13
23868, 8.47556097922684e-13
23884, 8.588757583125579e-13
23901, 8.642198966347165e-13
23918, 8.47556097922684e-13
23935, 8.642855007058613e-13
23952, 8.47556097922684e-13
23969, 8.642855007058613e-13
23985, 8.58772415344784e-13
24002, 8.641882367361917e-13
24019, 8.47556097922684e-13
24036, 8.642855007058613e-13
24053, 8.47556097922684e-13
24070, 8.642855007058613e-13
24087, 8.47556097922684e-13
24104, 8.642855007058613e-13
24120, 8.58772415344784e-13
24136, 8.588060539869666e-13
24152, 8.588060539869666e-13
24170, 8.24530087391313e-13
24187, 7.956582162348134e-13
24203, 7.900878681474304e-13
24220, 7.901235221652314e-13
24236, 7.901235221652314e-13
24253, 7.901235221652314e-13
24270, 7.901235221652314e-13
24287, 7.901235221652314e-13
24304, 7.901235221652314e-13
24320, 7.901235221652314e-13
24336, 7.901235221652314e-13
24353, 7.901235221652314e-13
24370, 7.901235221652314e-13
24386, 7.901235221652314e-13
24402, 7.901235221652314e-13
24419, 7.901235221652314e-13
24436, 7.901235221652314e-13
24453, 7.901235221652314e-13
24470, 7.901235221652314e-13
24487, 7.901235221652314e-13
24503, 7.901235221652314e-13
24519, 7.901235221652314e-13
24536, 7.901235221652314e-13
24553, 7.901235221652314e-13
24569, 7.901235221652314e-13
24586, 7.901235221652314e-13
24602, 7.901235221652314e-13
24619, 7.901235221652314e-13
24636, 7.901235221652314e-13
24654, 7.566011829632586e-13
24670, 7.733615095318489e-13
24687, 7.619751158194654e-13
24704, 7.274824766221736e-13
24720, 7.104584783821326e-13
24737, 6.882619129800672e-13
24753, 6.93732515536894e-13
24770, 6.535634547261495e-13
24787, 6.365709231422822e-13
24804, 6.199123167245541e-13
24820, 6.200103246224315e-13
24836, 6.200103246224315e-13
24853, 6.200103246224315e-13
24870, 6.200103246224315e-13
24886, 6.200103246224315e-13
24902, 6.200103246224315e-13
24918, 6.200103246224315e-13
24935, 6.200103246224315e-13
24952, 6.200103246224315e-13
24969, 6.200103246224315e-13
24985, 6.200103246224315e-13
25001, 6.200103246224315e-13
